1065904
1077291
1245332
1314216
1328539
1454171
1558448
1598540
1599023
1758217
1931856
1955430
2091278
2097880
2128767
2233993
2250728
2253121
2368191
2491010
2605075
2679182
2694773
2966402
3059896
3225302
3328080
3354740
3355096
3515301
3540531
3540674
3542575
3563791
3626770
3949319
4026560
4039600
4183900
4186505
4263195
4265757
4267099
4323088
4494932
4521049
4530092
4585242
4623263
4663328
4752479
4824953
4888377
4968468
5074793
5123371
5316213
5321433
5457226
5480563
5511958
5570429
5593950
5681942
5768206
