1454171
3355096
5123371
2091278
2128767
5074793
4265757
4530092
4752479
4494932
5511958
4323088
2097880
1328539
4585242
4824953
2694773
2966402
1599023
5321433
2491010
3626770
4663328
3354740
4623263
3059896
3515301
5593950
4521049
2233993
5681942
4186505
4968468
4039600
2679182
1558448
4026560
5768206
5457226
1065904
2605075
1245332
5570429
1931856
4267099
5316213
1314216
4183900
1955430
1077291
3563791
3540531
4888377
4263195
2368191
2250728
3225302
1758217
2253121
3328080
5480563
3540674
3949319
3542575
1598540
4298238
4880369
4202214
1279250
2817217
2098924
1431746
1688098
2356183
1905504
5209839
1958330
5370772
1242500
3634749
1815378
3259104
1780159
4577532
5138612
3898097
2306922
1187792
4553758
2028590
4182060
5271836
1891942
1519883
3931824
2787090
3144686
5187852
4907240
4905904
1285863
1279685
3364469
1264766
1874379
3225780
2080416
2823833
2654632
3523919
3722510
1514704
2403310
5815711
1194242
5365687
5964458
5935087
4205499
5947745
1363726
5068422
5825197
5833219
5734986
