,eid_x,eid_y,sex,diff_age,diff_rfMRI
2136,1061708,4587146,0.0,0.0,0.001909999999999995
30537,2797166,2099102,0.0,0.0,0.0031899999999999984
71998,5819417,1510150,0.0,0.0,0.0014009999999999995
34159,2810897,3131657,0.0,0.0,0.0002620000000000122
46038,3138927,2993654,0.0,0.0,3.900000000001125e-06
6142,1099090,1298811,0.0,0.0,0.003353999999999996
63915,4874742,2926096,0.0,0.0,2.6499999999998747e-05
67325,5222981,3638279,0.0,0.0,2.6999999999999247e-05
58631,3431726,4099312,0.0,0.0,0.0002651000000000042
13341,1539561,3273239,0.0,0.0,2.2500000000008624e-05
27235,2770052,1583631,0.0,0.0,0.0004320000000000157
55599,3391743,4025435,0.0,0.0,0.0029700000000000004
15339,1621594,1697283,0.0,0.0,0.0029920000000000224
24681,2756457,2296959,0.0,0.0,0.01932199999999995
77236,5820676,5289586,0.0,0.0,0.00010590000000000599
51785,3377560,2627287,0.0,0.0,0.0019979999999999998
60105,4795987,1590277,0.0,0.0,9.700000000001374e-06
21352,2568237,1763554,0.0,0.0,0.002276100000000003
48114,3352490,1536689,0.0,0.0,0.0033190000000000164
5218,1095103,4758619,0.0,0.0,0.0001779999999999976
70773,5595501,4441913,0.0,0.0,0.002918000000000004
9504,1297827,1934892,0.0,0.0,0.004374000000000017
36575,2895515,2209943,0.0,0.0,0.011885000000000007
39610,3127383,2277963,0.0,0.0,0.040241
43326,3138177,3477559,0.0,0.0,0.0005840000000000012
19405,2125217,3443695,0.0,0.0,0.046681
128371,3059649,1537730,1.0,0.0,0.0043239999999999945
169942,4849551,1628888,1.0,0.0,0.00039519999999999833
105268,2037725,2569353,1.0,0.0,0.0004220000000000057
98224,1928639,5681786,1.0,0.0,0.0032799999999999774
183375,5046142,4262983,1.0,0.0,0.03940500000000002
188310,5392615,2617866,1.0,0.0,8.500000000000174e-05
141714,3545374,4030089,1.0,0.0,0.00025899999999998147
104269,2032967,5852648,1.0,0.0,0.0006379999999999997
193911,5636339,2049712,1.0,0.0,0.0007850000000000079
95072,1772336,5372135,1.0,0.0,0.003589000000000009
203602,5874729,3421838,1.0,0.0,0.0002680000000000182
84684,1473477,2872663,1.0,0.0,0.0006806999999999924
111243,2232498,2666689,1.0,0.0,0.0021102999999999955
179617,5040553,2960132,1.0,0.0,0.0024409999999999987
117270,2508967,2832412,1.0,0.0,0.006932999999999995
83441,1403208,5740315,1.0,0.0,9.720000000000562e-05
87263,1624599,2222690,1.0,0.0,0.0001229999999999981
120479,2897096,3235520,1.0,0.0,0.0048860000000000015
145071,3563791,4670003,1.0,0.0,0.02523399999999998
200093,5726330,2469892,1.0,0.0,0.0003060000000000007
206576,5973733,3433852,1.0,0.0,0.0019620000000000193
99739,1968394,3268621,1.0,0.0,0.04928200000000002
153446,4225382,3817105,1.0,0.0,0.05340499999999998
157194,4256266,5113627,1.0,0.0,0.0006750000000000089
137308,3329043,1603455,1.0,0.0,0.002258999999999997
212569,6011968,3527313,1.0,0.0,0.0023173999999999972
124070,2913659,4257140,1.0,0.0,0.0036479999999999846
115957,2376982,5582335,1.0,0.0,0.014131000000000005
191937,5400473,3731571,1.0,0.0,0.00026799999999999047
168782,4839202,4650659,1.0,0.0,0.0014580000000000148
158257,4482397,1922073,1.0,0.0,0.002607999999999999
165599,4803982,4283050,1.0,0.0,0.002809000000000006
110153,2063991,5781578,1.0,0.0,0.00021799999999999597
135283,3152354,3197243,1.0,0.0,0.0006150000000000044
149484,3837978,2113482,1.0,0.0,0.0035024000000000027
131791,3148049,2301828,1.0,0.0,0.0047840000000000105
148040,3810607,4691675,1.0,0.0,0.000860600000000003
178311,4990329,5730851,1.0,0.0,0.0027500000000000024
127669,2950145,5338096,1.0,0.0,0.00630799999999998
210603,5983029,5198154,1.0,0.0,0.0006750000000000089
198094,5655161,4093728,1.0,0.0,0.0008130999999999972
172621,4911286,1094487,1.0,0.0,0.0019071000000000088
90807,1740041,3197187,1.0,0.0,0.0019799999999999818
163524,4529814,5782703,1.0,0.0,0.002028000000000002
185269,5122206,2469948,1.0,0.0,0.003678500000000001
78293,1297128,2082572,1.0,0.0,0.0729069
