,eid_x,eid_y,sex,diff_age,diff_rfMRI
513817,5265502,4085850,0.0,0.0,0.00031190000000000384
502799,4801566,5537950,0.0,0.0,0.0016110000000000013
526139,5488211,4921224,0.0,0.0,0.00019859999999999323
485790,4188280,1841995,0.0,0.0,0.0011849999999999916
483083,4089431,2226261,0.0,0.0,0.00026049999999999685
454366,2387241,3723852,0.0,0.0,0.00028800000000001047
549601,6003075,4518563,0.0,0.0,0.05136099999999999
489582,4334828,3160416,0.0,0.0,0.0001769999999999966
541744,5835925,1247687,0.0,0.0,0.02087100000000003
497276,4785639,1182418,0.0,0.0,0.00014559999999999573
439947,1637573,4416210,0.0,0.0,0.0005727000000000024
511040,5242242,4427601,0.0,0.0,0.0006299999999999917
475380,3009865,4213811,0.0,0.0,0.0008671000000000026
538575,5738272,5924943,0.0,0.0,0.00010870000000000324
516047,5288064,2817772,0.0,0.0,0.0018910000000000038
446086,1974285,4792387,0.0,0.0,9.100000000000774e-05
503594,4870522,1885778,0.0,0.0,0.02094700000000005
532296,5665178,5341257,0.0,0.0,0.00012489999999999724
495057,4650501,2421874,0.0,0.0,0.0004330000000000028
540911,5798855,4845821,0.0,0.0,0.0013729999999999853
468882,2882709,3196495,0.0,0.0,0.00013999999999998736
459067,2586845,1699585,0.0,0.0,0.0
481214,3029897,4045953,0.0,0.0,0.00016959999999999198
523698,5388606,5832169,0.0,0.0,0.00043499999999999095
447832,2080571,2677582,0.0,0.0,5.2999999999997494e-05
527499,5613775,2193015,0.0,0.0,0.00043899999999999495
442706,1687116,4042994,0.0,0.0,0.001368000000000008
432578,1047762,1982292,0.0,0.0,0.0020010000000000028
478096,3020451,3788109,0.0,0.0,0.012799000000000005
451232,2319844,3430754,0.0,0.0,0.0004139999999999977
507576,4920046,3545616,0.0,0.0,0.0013652999999999998
463915,2604564,4869306,0.0,0.0,0.0016272999999999982
535647,5675377,5970816,0.0,0.0,0.008737999999999996
467073,2608675,5252523,0.0,0.0,0.0009780000000000066
457935,2535858,4792688,0.0,0.0,0.0018640000000000045
546570,5974876,4388663,0.0,0.0,0.0010682000000000053
518129,5374436,1377999,0.0,0.0,0.0020011999999999946
435234,1063295,1463884,0.0,0.0,0.0033090000000000064
472992,2952965,5242129,0.0,0.0,0.0028318999999999983
492234,4340869,2634976,0.0,0.0,0.001682900000000001
551157,6009377,2120762,0.0,0.0,0.034917000000000004
381626,5420100,4752529,1.0,0.0,0.0008239999999999914
317007,4632649,4066116,1.0,0.0,0.0018289999999999973
102564,2216749,1741885,1.0,0.0,0.0031889999999999974
79219,1973398,1759991,1.0,0.0,5.189999999999362e-05
209418,3243044,4770123,1.0,0.0,0.0007221999999999992
156317,2799075,3822559,1.0,0.0,6.20000000000065e-05
403045,5685904,1443786,1.0,0.0,0.0005919999999999953
70853,1950369,2414887,1.0,0.0,0.00021199999999998997
232158,3630267,3740270,1.0,0.0,0.00023180000000000422
324078,4686708,1116864,1.0,0.0,0.0006249999999999867
334641,4883070,4249791,1.0,0.0,0.001279499999999996
417524,5930273,1203625,1.0,0.0,0.00017100000000000448
64437,1870084,1435956,1.0,0.0,0.00018999999999999573
110532,2289963,5387953,1.0,0.0,0.00038599999999999746
15614,1222547,2827782,1.0,0.0,0.0005179999999999907
388378,5519103,1283345,1.0,0.0,0.0008210999999999913
4095,1030512,3072864,1.0,0.0,0.0013370000000000049
292525,4508027,2112082,1.0,0.0,0.002718999999999999
142929,2593068,5859560,1.0,0.0,7.360000000000699e-05
219062,3500676,1254647,1.0,0.0,0.00015900000000000636
331565,4763015,4004540,1.0,0.0,0.0003747000000000056
163894,2846328,1788792,1.0,0.0,0.0006940000000000002
45372,1655691,3778243,1.0,0.0,0.0009079999999999921
370428,5315104,5563161,1.0,0.0,0.0003041000000000016
365819,5300517,2702011,1.0,0.0,0.001067499999999999
55332,1770600,5817311,1.0,0.0,0.002663799999999994
238319,3691246,4260414,1.0,0.0,0.00028400000000000647
254020,3888504,1111661,1.0,0.0,0.0005714000000000136
107119,2260656,4530084,1.0,0.0,0.0008830000000000088
372822,5329450,4646732,1.0,0.0,4.400000000000237e-05
392803,5522556,3905069,1.0,0.0,0.010934
205967,3216546,3872947,1.0,0.0,0.00016599999999999948
360712,5274265,3938823,1.0,0.0,0.00034200000000000896
288417,4493654,5080830,1.0,0.0,0.0006876000000000104
427201,6011011,2842380,1.0,0.0,0.002367000000000008
253374,3868963,5062879,1.0,0.0,0.0027860000000000107
94379,2122763,2744691,1.0,0.0,0.00015399999999998748
226086,3578940,3350845,1.0,0.0,0.00031199999999997896
289412,4505031,1789778,1.0,0.0,0.0017569999999999808
264124,4123124,3501036,1.0,0.0,0.020513999999999977
258424,3931471,3730255,1.0,0.0,0.0006680000000000019
268710,4241462,1325177,1.0,0.0,0.012375000000000025
74622,1955404,3892595,1.0,0.0,3.300000000000525e-05
57478,1792650,4484503,1.0,0.0,9.099999999999386e-05
90476,2064496,6009290,1.0,0.0,0.00023510000000000197
128878,2456947,1808199,1.0,0.0,1.3999999999986246e-05
229448,3616210,4081097,1.0,0.0,0.0002304999999999946
271778,4349386,1597020,1.0,0.0,0.00027699999999999947
12227,1102729,1998389,1.0,0.0,0.00031899999999999984
42421,1617696,3736401,1.0,0.0,0.00032599999999999296
305353,4584350,4093097,1.0,0.0,0.0007269999999999915
321472,4661216,1724532,1.0,0.0,0.0010079999999999811
223851,3521393,4469181,1.0,0.0,0.002824000000000021
396140,5537106,4588327,1.0,0.0,0.0001870999999999956
7355,1039962,3682798,1.0,0.0,0.00027800000000000047
197549,3120620,4420394,1.0,0.0,0.0006479999999999958
348681,5125401,3345411,1.0,0.0,0.0008679999999999938
411148,5778188,5321384,1.0,0.0,0.0024320000000000175
301136,4580849,1872728,1.0,0.0,2.3999999999996247e-05
246986,3776270,4118167,1.0,0.0,0.00021300000000000485
84731,2029703,1135488,1.0,0.0,0.0003196000000000032
239606,3701558,1495806,1.0,0.0,0.0007530000000000037
306621,4587383,1239358,1.0,0.0,0.0007729999999999959
388003,5518822,5654296,1.0,0.0,0.0009569999999999856
49641,1766904,1028599,1.0,0.0,0.02956399999999998
384434,5492767,4542580,1.0,0.0,0.046416999999999986
364082,5278777,4693863,1.0,0.0,3.800000000001025e-05
68162,1879233,2838504,1.0,0.0,0.0005099999999999966
140067,2505277,5949912,1.0,0.0,0.0005519999999999969
355228,5167576,4516569,1.0,0.0,4.279999999999562e-05
117732,2332056,2745120,1.0,0.0,8.859999999999424e-05
296885,4572984,4582468,1.0,0.0,0.00015249999999999986
408464,5706587,5695075,1.0,0.0,0.0003877000000000047
338082,4925463,5143910,1.0,0.0,0.0004109999999999947
377617,5382981,2900478,1.0,0.0,0.0011779999999999846
125825,2407204,1590176,1.0,0.0,0.001365000000000005
173450,2910864,3175822,1.0,0.0,1.5999999999988246e-05
62884,1806021,3776555,1.0,0.0,0.0002819000000000016
340365,4984356,4076298,1.0,0.0,0.0006259999999999877
182680,2947215,3987046,1.0,0.0,0.0007040000000000102
284240,4489769,2956048,1.0,0.0,0.0009300000000000141
10560,1099656,4139522,1.0,0.0,0.001597000000000015
343996,5019810,5290042,1.0,0.0,0.0019470000000000043
327219,4762916,1566397,1.0,0.0,0.0021230000000000138
111217,2294566,1571109,1.0,0.0,3.820000000000212e-05
151092,2652787,4875953,1.0,0.0,0.00020700000000001273
319815,4654492,3887103,1.0,0.0,0.0004720000000000002
268194,4239411,5454934,1.0,0.0,0.0004959999999999964
298152,4575801,1769740,1.0,0.0,0.0005065999999999959
374785,5360037,3043229,1.0,0.0,0.0006519999999999998
357067,5170549,2709407,1.0,0.0,0.0010661999999999894
175684,2926265,1981772,1.0,0.0,0.0028509999999999924
148667,2618327,5691548,1.0,0.0,0.017848999999999976
401134,5625537,3178357,1.0,0.0,0.00020100000000000673
250305,3834166,4816706,1.0,0.0,0.00023470000000000435
411767,5787160,1368095,1.0,0.0,0.0003840000000000232
121005,2335906,3357817,1.0,0.0,0.00039000000000000146
123914,2357278,3339885,1.0,0.0,0.0005389999999999978
201932,3176312,1938065,1.0,0.0,0.0015990000000000032
75979,1955430,1141291,1.0,0.0,0.0020459999999999923
351822,5145495,3716104,1.0,0.0,0.0033640000000000336
424959,5969781,3988604,1.0,0.0,0.029557
114268,2312378,1787349,1.0,0.0,0.00015199999999999936
29989,1511179,2418219,1.0,0.0,0.00019399999999999973
216470,3477504,1839354,1.0,0.0,0.0002410000000000051
96914,2188108,2054224,1.0,0.0,0.0009389999999999954
166827,2858900,1812976,1.0,0.0,4.899999999999349e-05
161801,2830317,3225504,1.0,0.0,0.0003419999999999812
20213,1293870,5663573,1.0,0.0,0.0004039999999999877
399025,5574535,4539792,1.0,0.0,0.0007571999999999995
21803,1331808,3434682,1.0,0.0,0.0009969999999999979
279912,4435049,5528599,1.0,0.0,0.0017220000000000013
157739,2808528,1220142,1.0,0.0,0.002007999999999982
200910,3159979,5196100,1.0,0.0,0.0031160000000000077
90516,2121336,1048699,1.0,0.0,0.017532999999999993
416111,5867372,3826242,1.0,0.0,0.00032599999999999296
189993,3039105,1515739,1.0,0.0,0.0004801000000000111
81846,1980529,1223476,1.0,0.0,0.0010499999999999954
38944,1562148,2786352,1.0,0.0,0.0011380000000000001
136557,2482338,4974096,1.0,0.0,0.0012209999999999999
99862,2209186,2103081,1.0,0.0,0.0012859999999999955
35708,1541388,2238226,1.0,0.0,0.0014684999999999976
1660,1013109,3911084,1.0,0.0,0.0021950000000000025
186165,2958638,4948081,1.0,0.0,0.00972400000000001
32843,1519331,2323221,1.0,0.0,0.0013110000000000066
212450,3339456,4973099,1.0,0.0,0.0017109999999999903
194690,3070055,4535112,1.0,0.0,0.0017429999999999946
214146,3432117,2892883,1.0,0.0,0.002958000000000016
310766,4592758,3409455,1.0,0.0,0.23683500000000002
131789,2467679,1796853,1.0,0.0,0.0005399999999999849
421578,5969443,3197475,1.0,0.0,0.0006864999999999927
48287,1748565,3775892,1.0,0.0,0.0008319999999999994
233850,3669771,1620769,1.0,0.0,0.0008879999999999999
180396,2931899,5058526,1.0,0.0,0.0010330000000000061
58390,1802999,1016914,1.0,0.0,0.0043763
262194,3978960,5152899,1.0,0.0,0.005818999999999991
243476,3774820,3122032,1.0,0.0,0.011531000000000013
314879,4596683,5416677,1.0,0.0,0.00013549999999999673
171352,2909435,4549115,1.0,0.0,0.0004929999999999934
144689,2610552,3909901,1.0,0.0,0.0019860000000000155
153409,2743469,3841562,1.0,0.0,0.0025239999999999985
346433,5058249,4442224,1.0,0.0,0.01431600000000001
275784,4374654,3471992,1.0,0.0,0.043799000000000005
29098,1452937,5885132,1.0,0.0,4.799999999999249e-05
23985,1363872,2131753,1.0,0.0,0.0013649999999999773
188535,3000614,4005994,1.0,0.0,0.001936000000000021
431290,6025364,4825044,1.0,0.0,0.007505999999999999
280866,4489304,2149835,1.0,0.0,0.17412600000000006
