1027468,3873589,1.0,0.0,0.00017000000000000348
1146911,1389050,0.0,0.0,0.0006520000000000137
1187581,1111153,1.0,0.0,0.003686999999999996
1293247,1365499,1.0,0.0,0.0043410000000000115
1324164,1863074,0.0,0.0,0.00014200000000000323
1442385,3266262,1.0,0.0,0.0037309999999999843
1450027,2658856,0.0,0.0,7.209999999999855e-05
1565946,4190180,0.0,0.0,0.0002743000000000051
1587348,2043191,1.0,0.0,0.00017400000000000748
1617214,5533693,0.0,0.0,0.00021800000000000985
1646735,5691548,1.0,0.0,9.399999999998299e-05
1665418,5330588,0.0,0.0,0.0004310000000000147
1681171,3762165,1.0,0.0,0.0001880999999999966
1686827,5814625,1.0,0.0,1.0999999999983245e-05
1835915,4525624,0.0,0.0,1.8000000000004124e-05
1864583,2113790,1.0,0.0,0.007683999999999996
1867736,3840611,1.0,0.0,6.899999999998574e-05
1978426,5193667,0.0,0.0,0.00011600000000000499
1992572,2111836,0.0,0.0,0.0004270000000000107
2011476,5028341,0.0,0.0,0.0003230000000000177
2044235,3860402,1.0,0.0,0.0004276000000000002
2058880,5131054,1.0,0.0,9.000000000009e-06
2103822,2840645,1.0,0.0,0.0013070000000000026
2167003,3002520,0.0,0.0,0.0010075999999999974
2194333,2582459,1.0,0.0,9.140000000000537e-05
2267603,4201465,1.0,0.0,4.999999999999449e-05
2310988,1497045,0.0,0.0,8.969999999999811e-05
2328133,4433074,1.0,0.0,0.0002158000000000021
2330145,4639529,0.0,0.0,0.00012100000000000999
2350009,5912117,1.0,0.0,0.00014560000000000267
2371630,2766058,1.0,0.0,3.600000000000825e-05
2455838,2074375,0.0,0.0,5.9999999999990616e-05
2496795,2381919,1.0,0.0,4.100000000001325e-05
2502983,1732041,0.0,0.0,0.00013299999999999423
2520335,5850877,0.0,0.0,0.00026199999999999835
2687977,2413212,1.0,0.0,0.00029000000000001247
2813200,2575876,0.0,0.0,1.3999999999986246e-05
2981609,1907250,0.0,0.0,8.130000000000637e-05
3096879,4586992,0.0,0.0,5.099999999999549e-05
3175719,3150700,0.0,0.0,0.00018399999999998973
3242002,1782686,0.0,0.0,0.00014549999999999286
3256545,1551060,1.0,0.0,1.5999999999988246e-05
3311362,2493398,0.0,0.0,0.0004929999999999934
3486671,1806190,1.0,0.0,3.090000000000037e-05
3490308,5768342,0.0,0.0,0.00022459999999999147
3508909,2597535,1.0,0.0,3.349999999999187e-05
3540531,3854535,1.0,0.0,0.00020900000000001473
3552399,2877422,0.0,0.0,0.00016670000000000573
3554335,2485043,1.0,0.0,8.999999999995123e-06
3585198,5277213,1.0,0.0,6.70000000000115e-05
3593665,5128409,1.0,0.0,4.699999999999149e-05
3596834,3284912,1.0,0.0,0.00016869999999999385
3708089,3861697,1.0,0.0,0.0007220000000000004
3720327,4931613,1.0,0.0,0.0011123999999999995
3735376,2994884,0.0,0.0,5.739999999999912e-05
3754755,3188048,0.0,0.0,9.860000000000424e-05
3777281,1137057,1.0,0.0,0.0009178999999999993
3819186,4778967,1.0,0.0,0.00033400000000000096
3873552,4420676,1.0,0.0,0.0005729999999999902
3907372,1412459,1.0,0.0,1.7999999999990246e-05
4032109,1466912,0.0,0.0,2.3599999999998622e-05
4034086,2200468,1.0,0.0,0.00033610000000000584
4039441,3239113,1.0,0.0,8.900000000000574e-05
4171673,1857577,0.0,0.0,0.00011089999999999711
4199849,3234246,1.0,0.0,0.00027499999999999747
4273204,2136429,0.0,0.0,0.0002540000000000042
4323088,3829753,0.0,0.0,6.499999999999562e-05
4428818,2964856,0.0,0.0,2.4999999999997247e-05
4488393,5096001,0.0,0.0,0.0001517999999999936
4519170,5333486,1.0,0.0,0.0004612999999999978
4540512,1202338,0.0,0.0,3.949999999999787e-05
4570743,2945297,1.0,0.0,0.0025680000000000147
4724277,5475772,0.0,0.0,0.0003379999999999911
4752479,1590599,0.0,0.0,0.0018670000000000075
4787568,4597142,1.0,0.0,0.0020620000000000083
4894327,4844172,1.0,0.0,4.800000000013127e-06
4922545,3161396,1.0,0.0,3.900000000001125e-05
4975271,2786204,0.0,0.0,0.0002701999999999982
4978662,3102536,0.0,0.0,2.000000000002e-06
5036291,2652810,1.0,0.0,7.199999999998874e-05
5071367,2693198,1.0,0.0,7.500000000000562e-05
5103352,4756287,0.0,0.0,2.6499999999998747e-05
5160146,3980923,1.0,0.0,6.0000000000004494e-05
5166177,4224090,1.0,0.0,6.599999999999662e-05
5168824,5197547,0.0,0.0,0.00011800000000000699
5279725,5882802,1.0,0.0,2.0999999999993246e-05
5367325,1627852,1.0,0.0,0.0012669999999999904
5395620,4397253,0.0,0.0,0.0006680000000000019
5444005,3415654,0.0,0.0,6.269999999999887e-05
5549731,3143238,1.0,0.0,5.8999999999989616e-05
5621737,4583952,1.0,0.0,1.7999999999990246e-05
5639705,4765186,0.0,0.0,0.0002052999999999916
5670829,4763191,1.0,0.0,0.00023200000000000998
5679191,2784073,0.0,0.0,0.0036022
5734203,1820542,1.0,0.0,2.1000000000007124e-05
5749984,5316617,0.0,0.0,0.001562899999999999
5797737,2809013,0.0,0.0,0.00020249999999999435
5817955,5884231,0.0,0.0,6.1000000000005494e-05
5860390,4478795,0.0,0.0,2.5200000000002998e-05
5873744,3443073,0.0,0.0,0.00020399999999999585
5911778,1526418,0.0,0.0,0.007506999999999986
