,eid_x,eid_y,sex,diff_age,diff_rfMRI
56092,2520417,5806013,0.0,0.0,0.21954390000000001
30924,3903467,5229477,0.0,0.0,0.0001840999999999926
41888,1830132,4037506,0.0,0.0,0.0267197
52144,4254705,2065973,0.0,0.0,0.04248859999999999
39834,2420734,1714586,0.0,0.0,0.0006647999999999932
37701,4169929,3355618,0.0,0.0,0.0011779999999999985
43210,4630735,5382762,0.0,0.0,0.006248599999999993
36923,4503305,1786345,0.0,0.0,0.013433
51162,3332459,3522905,0.0,0.0,0.0016026000000000026
41064,2721912,2208243,0.0,0.0,0.001652799999999996
27335,5084681,4548012,0.0,0.0,0.0001411999999999941
26396,3578433,1661279,0.0,0.0,0.007190099999999991
50612,3980663,3762034,0.0,0.0,0.032586699999999996
39288,1267080,2033289,0.0,0.0,0.0004825999999999997
54032,5977363,3198824,0.0,0.0,0.0173132
24364,1150832,4012908,0.0,0.0,0.018299199999999988
49435,2592713,3718923,0.0,0.0,0.0234336
53085,4179438,5029747,0.0,0.0,0.11070370000000002
34836,5504017,3723803,0.0,0.0,0.0003110000000000057
33292,3795230,5517606,0.0,0.0,0.00081429999999999
22480,5603756,3002433,0.0,0.0,1.2400000000009626e-05
40596,4256247,3170605,0.0,0.0,0.0657849
29881,1716920,1441945,0.0,0.0,0.0009459999999999885
35332,5340768,3100473,0.0,0.0,0.00033219999999999084
21680,5259727,1186977,0.0,0.0,0.0005226000000000119
42496,5034968,4306932,0.0,0.0,0.002100899999999989
53348,3072047,2333180,0.0,0.0,0.10200200000000001
31575,3735445,5878806,0.0,0.0,0.0010719000000000006
33757,5166971,4525366,0.0,0.0,0.0351639
32368,5349117,2688438,0.0,0.0,0.00037999999999999146
45575,4472616,5773829,0.0,0.0,0.009529200000000002
48931,1265910,4432552,0.0,0.0,0.019160399999999994
39130,3061563,5499684,0.0,0.0,0.04728559999999998
36027,1113736,3855174,0.0,0.0,0.00037239999999999496
24927,4022509,3835724,0.0,0.0,0.0012093999999999994
27527,5936992,1259943,0.0,0.0,0.0012930000000000164
44969,1437222,5496611,0.0,0.0,0.0014332000000000095
50070,1588123,4119225,0.0,0.0,0.0030769999999999964
46873,1091034,1974018,0.0,0.0,0.010652999999999996
33995,5812165,1735152,0.0,0.0,0.004932000000000006
43943,2730097,1894760,0.0,0.0,0.02762500000000001
25892,2289743,2283223,0.0,0.0,0.03891
45685,1504071,1795578,0.0,1.0,0.00026439999999999797
28569,2336025,5110524,0.0,1.0,0.0003801999999999972
22994,1204322,2461101,0.0,2.0,0.0005889000000000033
29083,3008196,4493087,0.0,2.0,0.0008328999999999975
54937,6018311,5882888,0.0,2.0,0.09643099999999999
23789,3710892,4117869,0.0,3.0,0.02620800000000001
25436,5188907,3349385,0.0,4.0,0.0008497999999999978
36282,5524773,1197692,0.0,4.0,0.010828299999999999
32142,3064106,5768591,0.0,5.0,0.04962619999999998
46723,3153746,5505495,0.0,5.0,0.058562100000000006
48410,4429433,4958244,0.0,6.0,0.021853299999999992
43730,5169536,4853404,0.0,6.0,0.052121799999999996
51870,2168873,4585570,0.0,7.0,0.0032220000000000026
29451,4477607,2716153,0.0,7.0,0.03874759999999999
47839,1167235,5103605,0.0,8.0,0.00035229999999999984
38223,1989261,2843219,0.0,11.0,0.05233929999999999
55060,5813544,2056965,0.0,14.0,0.07111700000000004
9578,5051464,1931267,1.0,0.0,0.0008655000000000052
104,2595846,1614860,1.0,0.0,1.299999999995749e-06
3914,3809557,1867427,1.0,0.0,0.0007189999999999974
1099,2886595,1928344,1.0,0.0,7.519999999999749e-05
5771,5345238,1720056,1.0,0.0,0.0003742000000000051
7114,4426311,3710963,1.0,0.0,0.0019740000000000035
11226,2265990,5589568,1.0,0.0,0.003475000000000006
17907,2200529,1045482,1.0,0.0,0.0020040000000000058
8727,2561462,2410265,1.0,0.0,0.0017199999999999854
7706,3182329,2005488,1.0,0.0,0.004091000000000011
2813,4052899,5945146,1.0,0.0,5.819999999999437e-05
3216,5566613,3070013,1.0,0.0,0.00044800000000000395
15654,2679182,4053932,1.0,0.0,0.0015464000000000033
20096,4728765,2735223,1.0,1.0,0.321176
14963,3364202,5470493,1.0,2.0,0.06956030000000002
5318,5177979,4215233,1.0,2.0,0.07758580000000001
17034,5025966,1490810,1.0,2.0,0.1004536
12650,2395995,3148400,1.0,3.0,0.12445350000000002
13621,2253327,3316913,1.0,4.0,0.0719599
11926,3686917,4277771,1.0,6.0,0.014173499999999999
16944,5896509,5950287,1.0,9.0,0.03856
21205,4153052,3509366,1.0,9.0,0.24570349999999996
19221,2147669,3052908,1.0,11.0,0.062217499999999995
