,eid_x,eid_y,sex,diff_age,diff_rfMRI
241472,4888755,4787927,0.0,0.0,0.007458999999999993
139889,1120345,4529229,0.0,0.0,0.0005334000000000033
196899,3509506,3370169,0.0,0.0,0.005131999999999998
154078,1459857,1639281,0.0,0.0,0.02005499999999999
140725,1169658,1784960,0.0,0.0,0.0005069999999999936
148950,1358499,3181499,0.0,0.0,0.0005041999999999963
190297,2807994,1181866,0.0,0.0,0.0038980000000000126
188574,2775542,1717311,0.0,0.0,0.014826999999999979
218234,4148837,4031734,0.0,0.0,0.013064100000000002
230536,4555448,1237685,0.0,0.0,0.0016460999999999976
160631,1584752,3666035,0.0,0.0,9.000000000000674e-05
265589,5879118,2713204,0.0,0.0,0.0004980000000000054
263440,5867705,2141586,0.0,0.0,0.00085869999999999
146066,1278527,5745653,0.0,0.0,0.0037780000000000036
179925,2526115,3997105,0.0,0.0,0.0006796000000000024
260028,5582051,3197936,0.0,0.0,0.00037140000000000783
251569,5343410,1149530,0.0,0.0,0.0008703000000000044
157840,1556909,1451358,0.0,0.0,0.0012370000000000159
256815,5462829,4832278,0.0,0.0,0.0018490000000000034
137676,1022455,3721252,0.0,0.0,0.003813999999999984
143390,1265467,3651704,0.0,0.0,0.605085
212477,3921672,3990908,0.0,0.0,0.0007846000000000103
202043,3633058,1889955,0.0,0.0,1.4000000000000123e-05
169732,2045038,2462234,0.0,0.0,3.98000000000065e-05
255053,5413339,5287115,0.0,0.0,0.0004109000000000057
276191,5977895,5465381,0.0,0.0,1.000000000001e-06
213248,3947749,1101143,0.0,0.0,7.599999999999274e-05
199510,3518956,5266186,0.0,0.0,0.0004320000000000018
224498,4257592,5499435,0.0,0.0,0.0018129999999999952
216443,3985098,4371857,0.0,0.0,0.004363000000000006
271664,5920954,3585042,0.0,0.0,2.439999999999387e-05
151219,1415893,4052735,0.0,0.0,3.899999999999737e-05
242192,4978334,1712177,0.0,0.0,4.1899999999997495e-05
267502,5893783,2707555,0.0,0.0,5.1400000000006996e-05
162360,1634542,3188451,0.0,0.0,0.0008149999999999963
153450,1457476,4978294,0.0,0.0,0.013034000000000018
280133,5987208,5783862,0.0,0.0,7.000000000007001e-06
157563,1504117,5762739,0.0,0.0,4.800000000000637e-05
239703,4828283,5210322,0.0,0.0,0.001705000000000012
229791,4422199,4223332,0.0,0.0,0.04325699999999999
147870,1352435,5430952,0.0,0.0,0.00015300000000000036
250052,5320674,2195024,0.0,0.0,0.0005469999999999919
269873,5911801,3853570,0.0,0.0,0.0009347999999999995
257506,5572806,1698593,0.0,0.0,0.002937999999999996
173144,2219366,1410215,0.0,0.0,0.0032059999999999866
172756,2126549,5411959,0.0,0.0,0.010596999999999995
169084,2024497,5840380,0.0,0.0,0.03523399999999999
195896,3375514,5842479,0.0,0.0,0.090552
204534,3660631,3290354,0.0,0.0,4.1399999999996995e-05
176498,2431429,5190539,0.0,0.0,7.769999999999999e-05
201636,3616968,5838031,0.0,0.0,8.180000000000687e-05
164253,1762601,3152575,0.0,0.0,0.00021319999999999673
219427,4153484,2236579,0.0,0.0,0.0006560000000000177
227398,4404327,2985277,0.0,0.0,1.580000000001025e-05
177804,2504499,3505886,0.0,0.0,0.0004509999999999792
234435,4646748,1434961,0.0,0.0,0.0046660000000000035
208709,3777200,4167248,0.0,0.0,0.009778999999999982
244065,5110935,1579411,0.0,0.0,5.0700000000000744e-05
183054,2608318,2255338,0.0,0.0,0.0015232000000000023
167014,1866356,5421714,0.0,0.0,3.999999999998449e-05
281682,5997040,4782507,0.0,0.0,0.001235
233240,4585242,3246907,0.0,0.0,4.300000000000137e-05
206731,3689607,3986900,0.0,0.0,0.002598000000000017
246180,5199131,2086380,0.0,0.0,0.004574999999999996
273124,5944894,2428031,0.0,0.0,0.006433999999999995
192457,3070512,1861953,0.0,0.0,0.13775800000000002
237664,4755890,4830221,0.0,0.0,0.0024603999999999945
181190,2583590,2398508,0.0,0.0,0.0008076999999999945
221352,4219235,2249867,0.0,0.0,0.009849399999999994
262024,5715759,3399229,0.0,0.0,0.015899199999999995
278174,5983922,5661058,0.0,0.0,0.060080999999999996
249450,5247181,5663801,0.0,0.0,0.0581972
210078,3795545,2773890,0.0,0.0,0.029044399999999998
184853,2700631,1975702,0.0,0.0,0.036651199999999995
224884,4353778,1510595,0.0,1.0,0.007817000000000018
186638,2723165,1655617,0.0,1.0,0.011417999999999984
24194,1868782,5364681,1.0,0.0,0.0008739999999999998
83917,4173639,1851143,1.0,0.0,1.9999999999992246e-05
53284,3179972,1729940,1.0,0.0,0.00026099999999999735
128998,5829000,2402373,1.0,0.0,0.00031199999999997896
92966,4849744,3999339,1.0,0.0,0.0003288999999999931
106799,5219708,2954168,1.0,0.0,0.0007322000000000023
56339,3227886,4200889,1.0,0.0,0.00113400000000001
74204,3849139,3015506,1.0,0.0,0.0009419999999999984
94724,4864952,3334207,1.0,0.0,0.00015060000000000073
31875,2180606,4206820,1.0,0.0,0.002900999999999987
98330,4988684,2224394,1.0,0.0,0.0006929999999999992
5311,1022146,4070379,1.0,0.0,4.08000000000075e-05
19077,1625455,2847570,1.0,0.0,0.003016999999999992
123495,5506464,3870831,1.0,0.0,0.004900999999999989
117743,5440758,4792990,1.0,0.0,0.05712299999999998
118558,5446154,1800026,1.0,0.0,3.340000000000287e-05
120368,5482116,1191821,1.0,0.0,0.0005840000000000012
90669,4766742,3394316,1.0,0.0,0.05252200000000001
105064,5154213,3676098,1.0,0.0,0.0005030000000000034
49704,2997902,2948315,1.0,0.0,0.00046759999999999857
47414,2995526,2357691,1.0,0.0,0.0011679999999999746
6754,1050925,2635804,1.0,0.0,0.07333200000000001
18323,1351485,5956197,1.0,0.0,0.11828300000000003
10121,1099046,5838212,1.0,0.0,0.00011099999999999999
68417,3752577,3795148,1.0,0.0,0.0006212999999999913
86555,4469445,3298388,1.0,0.0,0.0011869999999999936
134211,5906064,5143135,1.0,0.0,0.0001260000000000011
42341,2431418,4899040,1.0,0.0,0.00013299999999999423
45977,2860793,3767088,1.0,0.0,0.00020099999999999285
109972,5255719,5704100,1.0,0.0,0.0030140000000000167
14008,1193677,5393592,1.0,0.0,0.0004939999999999944
114835,5340909,2672671,1.0,0.0,0.0013390000000000069
73358,3821501,5920794,1.0,0.0,0.0001421000000000061
27439,2046573,3342021,1.0,0.0,0.0006486999999999951
97144,4947016,4243891,1.0,0.0,0.15847699999999998
66947,3714800,5220339,1.0,0.0,0.0004134999999999972
75934,3888274,2293050,1.0,0.0,0.0007285
126303,5667396,5749571,1.0,0.0,0.0007349999999999995
169,1018392,1492378,1.0,0.0,0.0008999999999999841
15895,1236742,5023948,1.0,0.0,0.002357100000000001
59031,3379840,5791631,1.0,0.0,0.022391000000000022
30210,2047740,5108667,1.0,0.0,0.0002722000000000002
110160,5322901,1133671,1.0,0.0,0.02578899999999998
128146,5738746,5286668,1.0,0.0,6.799999999999862e-05
83415,3954565,5581817,1.0,0.0,0.003127999999999992
69591,3760369,1711461,1.0,0.0,0.0004664999999999947
34896,2325060,1621165,1.0,0.0,0.002023999999999998
24505,1975972,1092348,1.0,0.0,0.08152399999999999
113950,5336023,5470002,1.0,0.0,0.00022099999999999898
52924,3001606,5815482,1.0,0.0,0.002588999999999994
80894,3949301,4384656,1.0,0.0,0.011863000000000012
38437,2344827,5307148,1.0,0.0,0.025746999999999992
10482,1178000,1774500,1.0,0.0,0.03456799999999999
135791,5915328,4023447,1.0,0.0,0.0053268000000000065
21321,1763467,3339216,1.0,0.0,0.14630100000000001
99993,5061140,1234061,1.0,0.0,0.0009753999999999874
130767,5853749,1733386,1.0,0.0,0.007930000000000006
102099,5065417,1430337,1.0,0.0,0.01296
43674,2860787,3149078,1.0,0.0,0.017080300000000007
77889,3915776,2085397,1.0,0.0,0.020676600000000003
88913,4642069,4071596,1.0,1.0,0.00037900000000000433
64376,3702188,3900879,1.0,1.0,0.0174464
33928,2247970,4240316,1.0,2.0,0.006380999999999998
40747,2354223,5945124,1.0,2.0,0.04269809999999999
59883,3523771,2913665,1.0,2.0,0.052020999999999984
61456,3542575,1766811,1.0,2.0,0.11204900000000001
2722,1019336,2742971,1.0,3.0,0.029725
