1008848,4370073,1.0,0.0,5.9000000000003494e-05
1036884,3491089,0.0,0.0,1.6000000000002124e-05
1038319,4758619,0.0,0.0,0.00038900000000000046
1057101,3645811,1.0,0.0,0.00014000000000000123
1064506,5471587,1.0,0.0,0.00023510000000000197
1069815,2343377,0.0,0.0,4.2100000000003246e-05
1075664,2517468,0.0,0.0,3.100000000000325e-05
1082199,4878168,0.0,0.0,0.00013699999999999823
1116777,1587935,0.0,0.0,0.001584000000000002
1141585,4998903,0.0,0.0,6.999999999993123e-06
1147654,5104293,0.0,0.0,0.00011939999999999173
1164960,4570805,1.0,0.0,0.0011163999999999966
1174703,1658075,0.0,0.0,4.400000000000237e-05
1209876,3098358,0.0,0.0,0.00021699999999999497
1218085,4394953,0.0,0.0,0.00015909999999999536
1220436,4545088,1.0,0.0,2.6100000000001122e-05
1226395,4459008,1.0,0.0,0.0003349999999999742
1231251,4471920,0.0,0.0,0.00014300000000000423
1237814,5967287,1.0,0.0,2.4499999999996747e-05
1249470,3663815,0.0,0.0,2.2000000000077513e-06
1253143,1737173,1.0,0.0,7.499999999993623e-06
1262239,5476166,0.0,0.0,0.0010459999999999914
1302535,5532446,0.0,0.0,1.330000000000775e-05
1317889,2450637,0.0,0.0,3.400000000000625e-05
1332373,6004715,0.0,0.0,0.00028300000000000547
1335669,3309075,1.0,0.0,3.0000000000002247e-05
1339136,1592800,1.0,0.0,8.799999999997699e-05
1345647,3433514,0.0,0.0,7.5999999999964984e-06
1348534,1892443,0.0,0.0,6.499999999992623e-06
1368659,1372655,1.0,0.0,0.0004089999999999927
1382304,4939013,0.0,0.0,2.6999999999999247e-05
1383068,2090652,0.0,0.0,1.0000000000010001e-05
1400325,1227322,0.0,0.0,4.799999999999249e-05
1411448,1172394,0.0,0.0,0.02129800000000004
1416470,2202796,0.0,0.0,0.00010899999999999799
1430297,4683986,1.0,0.0,0.0003489999999999882
1454171,3280963,0.0,0.0,8.519999999999361e-05
1487683,4739044,1.0,0.0,0.00010620000000000074
1492029,5201204,1.0,0.0,1.86000000000075e-05
1506823,2525210,0.0,0.0,3.240000000000187e-05
1508206,4835195,0.0,0.0,2.919999999999312e-05
1513860,5567779,0.0,0.0,0.0005766999999999994
1556146,1916272,0.0,0.0,0.00011800000000000699
1559091,3480995,1.0,0.0,1.6000000000002124e-05
1579853,4880475,0.0,0.0,1.0999999999997123e-05
1586755,3634277,0.0,0.0,7.260000000000599e-05
1587987,3603944,0.0,0.0,9.000000000009e-06
1595772,5510696,0.0,0.0,0.0008969999999999811
1602350,5337420,0.0,0.0,3.999999999999837e-05
1605007,2378931,1.0,0.0,0.0033816999999999944
1625413,4223332,0.0,0.0,0.0008039999999999992
1643993,1992528,1.0,0.0,7.200000000000262e-05
1681505,3981880,1.0,0.0,0.00012000000000000899
1684239,3055320,0.0,0.0,8.650000000000324e-05
1689228,2131796,0.0,0.0,8.940000000000337e-05
1692122,1327747,0.0,0.0,0.00020200000000000773
1710156,4352859,0.0,0.0,0.00013269999999999949
1730365,5772462,0.0,0.0,0.0004019999999999857
1736463,3723774,1.0,0.0,7.089999999999874e-05
1750233,1841995,0.0,0.0,0.0003449999999999981
1764674,4188318,0.0,0.0,0.0010030000000000039
1769538,4892600,0.0,0.0,0.00021699999999999497
1770655,1545741,0.0,0.0,7.999999999999674e-05
1785040,2638348,0.0,0.0,6.680000000000574e-05
1787430,3744697,0.0,0.0,5.7000000000001494e-05
1806818,2411948,1.0,0.0,5.3999999999998494e-05
1818053,3215576,0.0,0.0,0.00027749999999999997
1824848,4704648,0.0,0.0,4.7000000000102515e-06
1825687,5274583,1.0,0.0,2.140000000000475e-05
1829768,2172752,1.0,0.0,6.399999999999462e-05
1832089,3211283,0.0,0.0,0.00015499999999998848
1833160,1774688,1.0,0.0,8.080000000000587e-05
1833983,3247034,0.0,0.0,0.0008999999999999841
1835787,5886057,0.0,0.0,0.0011173999999999976
1859421,4120765,0.0,0.0,2.0699999999998497e-05
1870548,3797074,0.0,0.0,0.0002449999999999952
1873146,4401409,0.0,0.0,0.0017240000000000033
1906700,2248311,0.0,0.0,0.00020300000000000873
1919827,4023601,0.0,0.0,1.030000000000475e-05
1987570,4597197,0.0,0.0,9.999999999996123e-06
2069476,2616540,0.0,0.0,9.000000000009e-06
2075215,4039083,0.0,0.0,4.999999999866223e-07
2089617,1888916,1.0,0.0,2.2999999999995246e-05
2091173,1168221,0.0,0.0,0.00010420000000001262
2115519,5637230,0.0,0.0,4.7400000000002995e-05
2148233,3008468,0.0,0.0,0.00024520000000000097
2184414,5020268,0.0,0.0,4.299999999998749e-06
2191156,3511661,0.0,0.0,4.320000000000712e-05
2212671,5133060,0.0,0.0,1.2000000000067512e-06
2235645,4534799,0.0,0.0,0.00012999999999999123
2247550,2871475,0.0,0.0,0.0001810000000000006
2247607,5239081,0.0,0.0,0.00024390000000000522
2252119,1875386,1.0,0.0,9.199999999999486e-05
2270380,2983878,0.0,0.0,0.0006458000000000019
2319566,5305854,0.0,0.0,6.799999999999862e-05
2365614,3702359,1.0,0.0,0.00016900000000000248
2404758,2823821,1.0,0.0,4.300000000001525e-05
2408769,2299796,1.0,0.0,1.7000000000003124e-05
2414856,5709203,0.0,0.0,0.014286000000000021
2417463,4342064,0.0,0.0,0.0006690000000000029
2419376,2848397,1.0,0.0,0.00010000000000000286
2429530,2443376,0.0,0.0,5.000000000000837e-05
2431327,4404732,0.0,0.0,0.00047729999999999995
2437856,5754403,1.0,0.0,0.00010999999999999899
2438942,4908364,0.0,0.0,6.599999999995498e-06
2442022,4392726,0.0,0.0,1.000000000001e-06
2446543,5533038,0.0,0.0,5.4999999999999494e-05
2451997,3747325,0.0,0.0,5.960000000000687e-05
2483783,4970645,1.0,0.0,0.00011600000000000499
2491010,2967257,0.0,0.0,0.0002530000000000032
2496757,4258926,0.0,0.0,0.0004529999999999951
2501320,3311669,0.0,0.0,1.3000000000013001e-05
2529057,2135973,1.0,0.0,8.559999999999124e-05
2530338,2589204,0.0,0.0,1.0999999999997123e-05
2549789,5842420,0.0,0.0,0.00012199999999998323
2560778,1200261,1.0,0.0,0.00012689999999999924
2572646,1210689,0.0,0.0,3.990000000000937e-05
2690482,3926715,1.0,0.0,6.0000000000004494e-05
2699453,1406143,0.0,0.0,9.030000000000149e-05
2702418,4682534,1.0,0.0,0.0004840000000000122
2742543,4617612,0.0,0.0,3.899999999999737e-05
2751569,1080184,1.0,0.0,0.0005310000000000037
2760363,4466166,0.0,0.0,0.0006230000000000124
2766362,3418011,0.0,0.0,4.400000000000237e-05
2771238,5273287,1.0,0.0,0.00045560000000000045
2787776,3130122,0.0,0.0,0.0004200000000000037
2814976,2669786,0.0,0.0,9.269999999998724e-05
2837215,1045918,1.0,0.0,0.00030870000000000897
2861648,3945272,0.0,0.0,0.00013900000000000023
2873820,2846425,0.0,0.0,5.639999999999812e-05
2874370,1318206,0.0,0.0,2.1699999999999497e-05
2885861,1531145,0.0,0.0,8.389999999999787e-05
2898076,4563872,1.0,0.0,5.1999999999996493e-05
2938686,3813817,0.0,0.0,5.129999999999024e-05
2964412,5008237,1.0,0.0,0.00021600000000000785
2966402,3972389,0.0,0.0,0.005557000000000006
2969575,4846851,0.0,0.0,0.0002824000000000021
2981496,2675715,0.0,0.0,1.6799999999997373e-05
2982160,5996052,0.0,0.0,3.940000000000887e-05
2990114,5890826,1.0,0.0,9.000000000000674e-05
2992673,5500721,0.0,0.0,4.099999999999937e-05
3023272,5247250,0.0,0.0,9.500000000001174e-05
3031274,5819542,0.0,0.0,6.490000000000662e-05
3079844,5923788,1.0,0.0,6.90000000000135e-05
3100388,1009363,1.0,0.0,0.00018400000000001748
3115561,3833866,0.0,0.0,5.979999999999874e-05
3144220,1276761,1.0,0.0,0.00022629999999999872
3169617,5198762,0.0,0.0,2.0499999999992746e-05
3213462,3643653,0.0,0.0,1.6000000000002124e-05
3262919,2686696,0.0,0.0,0.00012809999999999905
3289981,5222456,0.0,0.0,0.00023199999999998222
3305190,5928440,0.0,0.0,1.3299999999993872e-05
3322568,3925467,1.0,0.0,0.0007088999999999984
3326245,3306627,1.0,0.0,6.70000000000115e-05
3347505,3556944,0.0,0.0,3.600000000000825e-05
3351916,3869069,0.0,0.0,0.0013080000000000036
3368575,1536667,0.0,0.0,8.600000000000274e-05
3373653,2194194,0.0,0.0,1.0999999999997123e-05
3407391,5237429,0.0,0.0,8.709999999999274e-05
3410169,1908248,1.0,0.0,5.999999999978245e-06
3415351,2324971,1.0,0.0,0.00039300000000000446
3416600,3307320,0.0,0.0,0.00013599999999999723
3423052,4320344,0.0,0.0,8.399999999991747e-06
3426737,5118791,0.0,0.0,8.000000000008e-06
3429781,4467068,0.0,0.0,1.4000000000000123e-05
3433710,4948953,0.0,0.0,3.600000000000825e-05
3465607,2574745,0.0,0.0,6.999999999979245e-06
3485095,1063975,1.0,0.0,0.00015800000000000536
3497835,1529877,0.0,0.0,0.00018990000000000673
3520528,4366830,1.0,0.0,0.00028200000000000447
3528173,2123285,1.0,0.0,0.000124000000000013
3556317,1961952,1.0,0.0,3.369999999999762e-05
3598171,2970863,0.0,0.0,0.00014170000000000155
3605713,4144012,0.0,0.0,3.2399999999987994e-05
3612810,5544269,1.0,0.0,0.001342999999999983
3632197,2736866,0.0,0.0,0.008078000000000002
3636841,3766450,0.0,0.0,3.100000000000325e-05
3664443,4063004,0.0,0.0,4.000000000004e-06
3670918,3976403,0.0,0.0,0.00024399999999999422
3672167,3435773,1.0,0.0,0.00014290000000000136
3685204,5357095,1.0,0.0,4.939999999999112e-05
3694202,4346798,0.0,0.0,4.120000000000512e-05
3709092,2035643,0.0,0.0,0.00021000000000000185
3712244,2806733,0.0,0.0,4.400000000001625e-06
3721995,2074574,0.0,0.0,0.003020999999999996
3724706,1924309,0.0,0.0,0.00021560000000001023
3730184,5469184,0.0,0.0,5.709999999999743e-05
3745236,1344739,1.0,0.0,6.369999999999987e-05
3755874,2654761,0.0,0.0,7.999999999999674e-05
3759567,5231477,1.0,0.0,0.00030289999999999484
3770139,1669954,1.0,0.0,0.00010999999999999899
3778548,3511957,0.0,0.0,3.499999999997949e-05
3808926,2303147,0.0,0.0,5.330000000000612e-05
3825182,1686050,0.0,0.0,0.00010269999999999724
3844849,4894687,0.0,0.0,0.0
3859973,4154113,1.0,0.0,0.00012599999999998723
3860226,5439720,0.0,0.0,0.00011880000000000224
3878150,2203697,0.0,0.0,0.00017979999999999385
3881647,2195024,0.0,0.0,8.299999999999974e-05
3919743,2205336,0.0,0.0,0.00028500000000000747
3926134,4509192,0.0,0.0,7.700000000000762e-05
3926273,2173987,0.0,0.0,0.0012530000000000041
3940649,2804704,0.0,0.0,2.1999999999994246e-05
3983781,5326454,1.0,0.0,0.00032399999999999096
3993106,4241141,0.0,0.0,5.4400000000009996e-05
4017682,3362117,0.0,0.0,0.00022500000000000298
4054343,4712660,0.0,0.0,0.0003520000000000051
4099131,4537390,0.0,0.0,3.500000000000725e-05
4102325,5437178,1.0,0.0,0.00010390000000000399
4123593,2015238,0.0,0.0,2.089999999999037e-05
4148456,2805612,1.0,0.0,5.7000000000001494e-05
4215823,3643145,0.0,0.0,7.000000000007001e-06
4218247,5024941,1.0,0.0,2.599999999991498e-06
4240127,3083745,1.0,0.0,7.999999999994123e-06
4250681,4685376,0.0,0.0,7.999999999999674e-05
4257995,1028666,0.0,0.0,9.539999999999549e-05
4260318,4388648,0.0,0.0,0.0007221000000000033
4263530,5105473,1.0,0.0,0.00019399999999999973
4279712,1894756,0.0,0.0,0.00020999999999998797
4280666,3703542,1.0,0.0,8.899999999992247e-06
4282492,3775892,1.0,0.0,0.0001799999999999996
4292543,5644764,0.0,0.0,5.139999999999312e-05
4315411,1713189,1.0,0.0,0.0016290000000000193
4400873,3312952,0.0,0.0,1.7400000000000748e-05
4416985,4712162,1.0,0.0,1.180000000000625e-05
4456674,1753806,0.0,0.0,1.1700000000003374e-05
4472057,4859869,0.0,0.0,0.0017569999999999808
4493514,3156454,0.0,0.0,0.00031899999999998596
4496563,5006653,0.0,0.0,0.0006510000000000127
4504233,3350457,1.0,0.0,0.00024470000000000047
4513074,2247289,0.0,0.0,6.520000000000137e-05
4531059,1660079,0.0,0.0,0.00011699999999999211
4538153,3645385,0.0,0.0,8.400000000000074e-05
4550210,4170833,1.0,0.0,0.0004981000000000013
4558332,2772650,0.0,0.0,4.999999999991123e-06
4571990,4760145,0.0,0.0,0.0008614000000000052
4589452,5522374,1.0,0.0,2.290000000000625e-05
4596661,1912801,0.0,0.0,9.939999999999949e-05
4597483,5452059,0.0,0.0,1.2000000000012001e-05
4604699,3893064,0.0,0.0,6.899999999999962e-05
4615038,5328983,0.0,0.0,9.599999999999886e-05
4641317,4147908,0.0,0.0,4.6199999999996244e-05
4653231,1847927,0.0,0.0,0.00010499999999999399
4654994,5393778,0.0,0.0,3.900000000001125e-05
4655592,5280738,0.0,0.0,4.899999999999349e-05
4666293,5138668,0.0,0.0,0.0023410000000000097
4668157,3442619,0.0,0.0,1.0599999999999499e-05
4708713,1719335,0.0,0.0,1.1999999999928734e-06
4711616,4796324,0.0,0.0,8.700000000000374e-05
4743142,3019808,0.0,0.0,0.00035930000000000684
4744067,5893471,0.0,0.0,5.3700000000003745e-05
4751545,5058161,1.0,0.0,2.689999999999637e-05
4784587,1529578,0.0,0.0,0.0007090000000000152
4789219,1655722,0.0,0.0,0.001465999999999995
4824953,1881085,0.0,0.0,0.00027900000000000147
4825343,3929351,0.0,0.0,7.600000000000662e-05
4830360,5987766,0.0,0.0,0.000126000000000015
4849927,5627257,0.0,0.0,3.220000000001e-05
4867835,4921048,0.0,0.0,0.000350099999999999
4877526,2683950,0.0,0.0,1.1099999999999999e-05
4885423,3328238,0.0,0.0,4.899999999999349e-05
4906678,5271506,1.0,0.0,2.6999999999999247e-05
4920693,3101995,0.0,0.0,0.00023699999999998722
4927675,4386520,0.0,0.0,2.0000000000006124e-05
4929272,4553200,0.0,0.0,9.000000000009e-06
4940110,3724374,0.0,0.0,4.2000000000097515e-06
4943277,4811415,0.0,0.0,0.0013150000000000106
4968468,4693099,1.0,0.0,0.00011599999999999111
4970063,5851974,0.0,0.0,8.309999999999568e-05
4996021,2978574,0.0,0.0,2.8100000000003122e-05
4997553,2106972,1.0,0.0,0.00048499999999998544
5004969,5301960,1.0,0.0,0.00011250000000000149
5030008,4214779,0.0,0.0,0.0001688999999999996
5052853,4647324,1.0,0.0,0.0003499999999999892
5064202,1263414,0.0,0.0,7.200000000000262e-05
5076061,4483869,0.0,0.0,0.0008380000000000054
5141587,1252668,0.0,0.0,0.00012879999999999836
5145034,3464541,0.0,0.0,0.00044600000000000195
5168118,5459878,0.0,0.0,9.350000000001024e-05
5182250,1260112,0.0,0.0,0.00019999999999999185
5186705,2858223,0.0,0.0,0.0004800000000000082
5215289,1488125,0.0,0.0,0.00018599999999999173
5228004,3435301,0.0,0.0,8.700000000000374e-05
5238892,5362118,0.0,0.0,0.0003210000000000157
5250040,5111298,1.0,0.0,1.2999999999985246e-05
5269640,3280111,1.0,0.0,0.0012479999999999991
5275665,2102167,0.0,0.0,7.400000000000462e-05
5288444,2708395,1.0,0.0,5.5000000000055005e-06
5297540,3827718,0.0,0.0,0.00011299999999998811
5324536,1254460,0.0,0.0,6.499999999999562e-06
5325124,4265401,0.0,0.0,1.5199999999992997e-05
5346433,5988950,0.0,0.0,0.00012999999999999123
5366494,5820959,0.0,0.0,8.900000000000574e-05
5370719,5376374,0.0,0.0,9.100000000000774e-05
5370793,1516125,0.0,0.0,0.00015810000000000823
5389194,2211244,0.0,0.0,3.979999999999262e-05
5399520,5172480,1.0,0.0,3.799999999999637e-05
5412220,5075774,1.0,0.0,0.0007089999999999874
5412704,1891444,0.0,0.0,0.006614000000000009
5438495,3684317,0.0,0.0,1.1000000000011001e-05
5471057,4066276,0.0,0.0,0.0004780000000000062
5494067,3375722,0.0,0.0,9.250000000000924e-05
5522948,2667355,0.0,0.0,4.799999999999249e-05
5567175,2564629,1.0,0.0,2.999999999998837e-05
5571674,4793224,0.0,0.0,0.0001270000000000021
5576614,3256981,0.0,0.0,0.00020600000000001173
5579010,4277727,1.0,0.0,8.730000000001237e-05
5630871,5282227,0.0,0.0,0.0001567999999999986
5632026,3361224,0.0,0.0,8.999999999981245e-07
5642716,4557373,0.0,0.0,0.00020299999999998097
5650530,3654201,0.0,0.0,0.001336999999999977
5669123,1744000,0.0,0.0,6.599999999998274e-05
5701427,5634930,0.0,0.0,0.0002590000000000092
5708597,5222163,1.0,0.0,0.0005769999999999942
5729779,4141121,0.0,0.0,9.850000000000136e-05
5750192,1220857,0.0,0.0,0.0004884999999999889
5764894,4529325,1.0,0.0,0.00030570000000000597
5789692,3710190,0.0,0.0,4.1699999999991744e-05
5791510,1713850,1.0,0.0,0.0002859999999999946
5837200,1901119,0.0,0.0,0.00011859999999999649
5893255,4810585,0.0,0.0,2.8599999999989745e-05
5938516,4720700,0.0,0.0,7.230000000001124e-05
5951951,3101054,0.0,0.0,0.0017449999999999966
5994799,5840134,0.0,0.0,0.0008539999999999659
6019028,2890936,0.0,0.0,0.00021900000000002473
6020989,1607545,0.0,0.0,2.4999999999997247e-05
