1012774,2109890,0.0,0.0,4.3899999999999495e-05
1060247,2397936,1.0,0.0,0.0001360000000000111
1091594,2666291,1.0,0.0,0.0018680000000000085
1140252,2706385,1.0,0.0,0.00012999999999996348
1171907,3660913,1.0,0.0,1.000000000001e-06
1174527,1259635,0.0,0.0,8.099999999999774e-05
1190657,1105499,1.0,0.0,0.00010629999999998974
1195817,3509611,1.0,0.0,2.5999999999998247e-05
1233389,4187753,1.0,0.0,4.899999999999349e-05
1270978,5970830,1.0,0.0,0.00021799999999999597
1304122,1740935,1.0,0.0,6.40000000000085e-05
1353150,4886466,0.0,0.0,0.0010459999999999914
1353648,2788455,1.0,0.0,7.599999999999274e-05
1359362,4395852,1.0,0.0,0.0009679999999999966
1383249,5018794,1.0,0.0,0.0006649999999999989
1470674,3411762,1.0,0.0,5.2999999999997494e-05
1525848,4601014,0.0,0.0,0.0003419999999999951
1545554,2305938,1.0,0.0,0.00010300000000001974
1607277,2814190,1.0,0.0,0.0002849999999999936
1642370,4731186,1.0,0.0,0.00018100000000001448
1660526,1601771,1.0,0.0,4.190000000001137e-05
1672424,2548098,1.0,0.0,0.00014900000000001024
1694798,2728191,0.0,0.0,3.0000000000030003e-06
1696942,2559318,0.0,0.0,5.1999999999996493e-05
1730908,4973634,1.0,0.0,0.0032390000000000058
1773787,2784047,0.0,0.0,0.0001910999999999996
1813026,5193276,1.0,0.0,7.799999999999474e-05
1846662,2226780,1.0,0.0,0.0015840000000000298
1849321,1249953,1.0,0.0,2.540000000000875e-05
1901144,5129365,1.0,0.0,2.2999999999995246e-05
1926413,2219198,0.0,0.0,3.350000000000575e-05
1999867,5509870,1.0,0.0,2.4999999999997247e-05
2021437,2406565,1.0,0.0,0.0007609999999999839
2038706,1035367,0.0,0.0,0.00027039999999999703
2046962,4562513,0.0,0.0,3.800000000001025e-05
2077269,5939268,0.0,0.0,9.999999998899778e-08
2109758,5415390,0.0,0.0,0.0002510000000000012
2120629,4692082,1.0,0.0,0.00020340000000000635
2145631,3224809,1.0,0.0,0.0003458999999999962
2223103,1951590,0.0,0.0,9.670000000000512e-05
2224351,5628370,0.0,0.0,0.0001749999999999946
2236165,1020724,0.0,0.0,2.3499999999995747e-05
2260114,3284869,0.0,0.0,0.002700999999999981
2280718,1459620,0.0,0.0,0.0001260000000000011
2288520,5900200,1.0,0.0,8.199999999999874e-06
2314538,1698519,0.0,0.0,0.00018999999999999573
2358741,1057974,0.0,0.0,0.00019990000000000285
2415667,3805490,0.0,0.0,0.00021369999999999723
2448394,5555164,1.0,0.0,0.00023099999999998122
2455464,4627957,1.0,0.0,1.1999999999984245e-05
2462312,4324711,1.0,0.0,0.00021399999999999197
2507404,3666745,0.0,0.0,5.029999999998924e-05
2526726,4213562,0.0,0.0,6.199999999997874e-06
2579286,1663605,0.0,0.0,2.4000000000010124e-05
2602707,1604680,0.0,0.0,0.00018199999999998773
2631856,1097941,1.0,0.0,1.4899999999998248e-05
2633774,3853916,1.0,0.0,0.0004159999999999997
2635653,5295389,1.0,0.0,0.0007570000000000077
2672639,2717041,0.0,0.0,0.00011099999999999999
2673091,1823631,0.0,0.0,8.799999999997699e-05
2706838,2646625,0.0,0.0,0.0026365
2760126,5549480,1.0,0.0,3.299999999999137e-05
2805685,2547408,1.0,0.0,7.999999999999674e-05
2819825,4856020,0.0,0.0,0.0006620000000000237
2835965,2882687,0.0,0.0,0.0003499999999999892
2889511,1174854,1.0,0.0,4.599999999999049e-05
2930127,5108719,1.0,0.0,1.859999999999362e-05
2937044,2141654,0.0,0.0,0.0010830000000000006
2941303,3778251,0.0,0.0,0.00014270000000000949
2956844,5973444,0.0,0.0,1.380000000000825e-05
2959831,1367405,1.0,0.0,9.299999999998199e-05
2962748,3271292,1.0,0.0,0.00268199999999999
3017500,1155958,1.0,0.0,0.00028200000000000447
3034773,1589345,1.0,0.0,0.0003051000000000026
3072073,2319778,1.0,0.0,5.7000000000001494e-05
3144741,2223322,1.0,0.0,0.00011799999999999311
3146605,1738156,0.0,0.0,0.0007389999999999897
3175486,2173503,0.0,0.0,0.0006120000000000014
3273374,4219947,0.0,0.0,0.00032699999999999396
3290483,5101922,1.0,0.0,0.00016800000000000148
3297014,2722659,1.0,0.0,1.5399999999998748e-05
3316277,2000082,0.0,0.0,0.00027400000000001035
3322760,1642809,0.0,0.0,0.00020659999999998735
3362390,2911993,0.0,0.0,7.000000000000062e-05
3417434,5644739,1.0,0.0,0.00010029999999999761
3430943,2418984,0.0,0.0,1.6000000000002124e-05
3482391,5064528,1.0,0.0,8.800000000000474e-05
3544154,5800264,1.0,0.0,0.0002799999999999886
3584171,4015440,0.0,0.0,1.8500000000004624e-05
3604881,5264824,1.0,0.0,0.0007780000000000009
3614278,1573597,0.0,0.0,2.2000000000077513e-06
3678277,2706783,0.0,0.0,4.329999999999612e-05
3690763,5313193,0.0,0.0,0.00017770000000000286
3733054,5992861,1.0,0.0,6.490000000000662e-05
3765992,5568709,1.0,0.0,0.0006010000000000182
3780099,4398660,0.0,0.0,1.1000000000011001e-05
3795721,1793783,1.0,0.0,6.699999999998374e-05
3845733,1948825,1.0,0.0,0.0003660000000000052
3845879,2307940,1.0,0.0,0.00019399999999999973
3884165,2099828,1.0,0.0,0.00031399999999998096
3902207,5521635,1.0,0.0,3.699999999999537e-05
3902635,2601128,1.0,0.0,0.00015740000000000198
3959843,3144047,0.0,0.0,0.00039600000000000746
3971127,4755105,1.0,0.0,1.2000000000012001e-05
4026560,1462141,1.0,0.0,4.000000000004e-06
4040733,1261994,0.0,0.0,0.0
4050285,5705401,1.0,0.0,0.00043299999999998895
4065140,5344709,0.0,0.0,2.9000000000001247e-05
4093182,5287921,1.0,0.0,0.0001330000000000081
4104673,5454934,1.0,0.0,0.00014600000000000724
4143165,4616406,0.0,0.0,4.600000000000437e-05
4149923,4389969,1.0,0.0,3.119999999999512e-05
4204961,1259754,1.0,0.0,4.799999999999249e-06
4209263,2820712,0.0,0.0,2.3999999999996247e-05
4254262,5474025,1.0,0.0,4.600000000000437e-05
4257970,1618681,0.0,0.0,1.3299999999993872e-05
4294368,3817368,1.0,0.0,0.0008050000000000002
4309610,4506886,1.0,0.0,0.0006170000000000342
4311038,5258502,0.0,0.0,0.00010700000000000986
4335690,3617064,1.0,0.0,0.0001234999999999986
4372209,3073245,1.0,0.0,0.00016199999999999548
4407279,5601906,0.0,0.0,8.80000000000325e-06
4434631,3931609,0.0,0.0,1.9999999999881224e-06
4443454,5600143,0.0,0.0,2.8800000000009374e-05
4464091,1884024,1.0,0.0,0.0005280000000000007
4514338,2465842,0.0,0.0,4.999999999977245e-06
4529715,1607230,1.0,0.0,7.130000000001024e-05
4573739,3731678,1.0,0.0,9.099999999997999e-05
4595985,2996871,0.0,0.0,2.000000000002e-06
4598579,2590511,1.0,0.0,1.000000000001e-06
4602906,3979287,1.0,0.0,1.000000000001e-06
4644281,3454320,1.0,0.0,5.089999999999262e-05
4647132,2372011,0.0,0.0,0.00013729999999999992
4722821,2440976,1.0,0.0,0.00014500000000000624
4726145,1103778,1.0,0.0,2.000000000002e-06
4755867,1967798,0.0,0.0,3.500000000000725e-05
4782894,2029564,1.0,0.0,0.0006099999999999994
4804917,2197960,0.0,0.0,9.599999999998499e-05
4812999,2466610,1.0,0.0,0.0006120000000000014
4923998,4580410,1.0,0.0,0.00029000000000001247
4936204,2757119,0.0,0.0,0.0002380000000000021
4975215,1839668,1.0,0.0,0.00010099999999998999
5029136,3785798,0.0,0.0,0.00010399999999999299
5032825,1614970,1.0,0.0,3.310000000000812e-05
5037741,5356349,1.0,0.0,0.0006780000000000119
5040477,1686047,1.0,0.0,6.50000000000095e-05
5043318,5787279,0.0,0.0,1.9000000000005124e-05
5050116,3152023,0.0,0.0,0.00016100000000002224
5064322,2685103,1.0,0.0,0.00013499999999999623
5101910,4863209,0.0,0.0,0.00032599999999999296
5104854,2506434,1.0,0.0,3.799999999999637e-05
5151445,3297630,1.0,0.0,0.0006595999999999963
5173726,2935481,0.0,0.0,0.10078900000000002
5183918,4252095,1.0,0.0,0.00011800000000000699
5184216,2716048,1.0,0.0,0.00022959999999999647
5185572,4179326,1.0,0.0,0.0009220000000000061
5199320,3468147,1.0,0.0,0.002457999999999988
5217633,4592676,0.0,0.0,0.0005763000000000018
5245881,4201061,0.0,0.0,0.0002109999999999959
5264557,4432332,1.0,0.0,2.9000000000001247e-05
5265235,5576378,1.0,0.0,5.2999999999997494e-05
5287359,3371298,0.0,0.0,1.5299999999995872e-05
5358222,1833777,0.0,0.0,0.00011900000000000799
5397484,2926599,1.0,0.0,1.0700000000002374e-05
5445292,2510362,1.0,0.0,5.1999999999996493e-05
5480563,1928110,1.0,0.0,0.0025880000000000347
5481796,2339014,0.0,0.0,7.119999999999349e-05
5483103,2452518,1.0,0.0,0.0003780000000000172
5498255,5691554,0.0,0.0,3.1099999999992245e-05
5525871,3245747,0.0,0.0,1.6399999999999748e-05
5540268,2746559,0.0,0.0,1.6999999999933735e-06
5554754,5972761,0.0,0.0,4.000000000004e-06
5598657,1703030,1.0,0.0,8.700000000000374e-05
5649063,4906498,0.0,0.0,8.310000000000262e-05
5652298,5632568,1.0,0.0,0.00016159999999999786
5666851,3180853,1.0,0.0,9.220000000000061e-05
5778153,2109453,1.0,0.0,1.2200000000003874e-05
5789338,5841390,0.0,0.0,7.699999999999374e-05
5795570,1970799,0.0,0.0,9.899999999998799e-05
5823359,1704601,0.0,0.0,0.0001229999999999981
5848881,1579936,1.0,0.0,0.00017600000000000948
5985760,1698124,1.0,0.0,0.00015900000000000636
5996504,1046979,1.0,0.0,1.8500000000004624e-05
5999924,1345204,1.0,0.0,5.0000000000050004e-06
