,eid_x,eid_y,sex,diff_age,diff_rfMRI
436474,5684013,2977726,0.0,0.0,0.012029600000000001
325374,3074833,5953470,0.0,0.0,0.0021079999999999988
292296,2235547,5734893,0.0,0.0,5.4499999999998994e-05
301678,2456074,3283606,0.0,0.0,0.00033460000000000434
414928,5298859,2937385,0.0,0.0,0.00040530000000000427
423525,5430542,2910958,0.0,0.0,0.0006861999999999979
419718,5358405,4603128,0.0,0.0,0.0007503000000000093
447597,5869685,1846525,0.0,0.0,0.0026349999999999985
284232,2139085,2571461,0.0,0.0,0.00015959999999999586
300978,2414610,5953177,0.0,0.0,0.0006894999999999957
322944,3027514,2460898,0.0,0.0,0.0015673999999999966
442111,5772940,2659750,0.0,0.0,0.0018690000000000095
315319,2770090,5939172,0.0,0.0,0.16960199999999997
399665,4896953,4764260,0.0,0.0,0.0007323000000000052
280240,2078424,3617900,0.0,0.0,0.002415599999999997
359115,3837618,3439678,0.0,0.0,8.900000000006125e-06
406919,4951751,5087065,0.0,0.0,0.012813000000000005
431476,5662107,5679204,0.0,0.0,0.013590999999999992
437666,5687383,2172790,0.0,0.0,0.027084999999999998
233199,1061216,4753328,0.0,0.0,0.02717499999999999
257763,1650197,5388546,0.0,0.0,0.037981
452933,6009009,5425736,0.0,0.0,0.4716944
290454,2222347,4137156,0.0,0.0,0.0008470000000000005
431664,5666298,1303280,0.0,0.0,0.0009091999999999989
377481,4515884,2481468,0.0,0.0,0.013506999999999991
413862,5210698,4124549,0.0,0.0,0.0003116000000000091
392987,4860099,1540880,0.0,0.0,0.0004508000000000012
246578,1504806,1396406,0.0,0.0,0.0005549999999999999
416381,5305441,2968395,0.0,0.0,0.0016530000000000017
412502,5180835,4471429,0.0,0.0,0.022907999999999998
253369,1606598,5075691,0.0,0.0,0.00044199999999999795
404125,4920530,5372999,0.0,0.0,0.0007060000000000122
286631,2150302,5957188,0.0,0.0,0.000741500000000006
299480,2397517,5772611,0.0,0.0,0.0008068999999999993
239261,1303433,5922308,0.0,0.0,0.0010024999999999895
340439,3451461,3369613,0.0,0.0,0.0018340000000000023
266341,1826054,5285212,0.0,0.0,0.007559999999999983
293651,2251595,5426459,0.0,0.0,5.7700000000000806e-05
272185,1909593,5659634,0.0,0.0,6.609999999999949e-05
276129,2032747,4255378,0.0,0.0,0.0004889000000000004
374724,4472103,2880259,0.0,0.0,0.000904000000000002
241613,1381536,3958379,0.0,0.0,0.0011198999999999931
278955,2077557,4070131,0.0,0.0,0.0021223000000000075
282598,2104865,1930601,0.0,0.0,2.8000000000000247e-05
326621,3075002,5314224,0.0,0.0,0.00027549999999999797
407718,4966754,2815335,0.0,0.0,0.0008009000000000072
370789,4423781,4045675,0.0,0.0,0.0011073000000000055
267174,1839065,3099331,0.0,0.0,0.0011950000000000016
337911,3378943,4561362,0.0,0.0,0.0013979999999999965
287625,2156378,4331884,0.0,0.0,0.0017269999999999786
311092,2695974,1158749,0.0,0.0,0.0019746
402268,4913309,3771347,0.0,0.0,0.005221000000000003
361709,3954283,2539229,0.0,0.0,0.009829999999999978
297529,2357035,3824700,0.0,0.0,0.07079500000000001
360953,3857177,4867781,0.0,0.0,0.00022269999999999235
384435,4736589,1768194,0.0,0.0,0.00033199999999999896
248015,1520839,1403804,0.0,0.0,0.0005977999999999956
350106,3638403,2093881,0.0,0.0,0.0008017000000000024
390206,4784478,1878566,0.0,0.0,0.0038479999999999903
282140,2092782,5332442,0.0,0.0,0.0038709999999999856
394708,4869875,2494576,0.0,0.0,0.008238999999999996
273415,1917455,4855847,0.0,0.0,0.010811000000000015
270503,1873698,4711659,0.0,0.0,0.15447100000000002
447059,5838695,4898846,0.0,0.0,0.00039609999999999645
289232,2185663,5017920,0.0,0.0,0.001371000000000011
351238,3642032,1028324,0.0,0.0,0.0016059999999999963
367500,4225139,2680017,0.0,0.0,0.0021280000000000188
408748,5028713,1441047,0.0,0.0,0.012288999999999994
245909,1476555,3912147,0.0,0.0,0.00031399999999999484
385764,4746392,1359106,0.0,0.0,0.00047629999999999895
368649,4377191,1766761,0.0,0.0,0.02346100000000001
383833,4731038,4565694,0.0,0.0,0.029959999999999987
295401,2331300,1514730,0.0,0.0,0.10118400000000001
275026,1986085,5558368,0.0,0.0,5.100000000000937e-05
237794,1253061,5835785,0.0,0.0,7.949999999999624e-05
389453,4767354,4083430,0.0,0.0,0.0002889999999999976
244001,1432500,2406447,0.0,0.0,0.00045400000000000995
306897,2614000,1568702,0.0,0.0,0.0010900000000000076
330643,3155345,4187155,0.0,0.0,0.009748000000000007
316343,2835758,4408035,0.0,0.0,0.027423000000000003
358292,3783603,5680503,0.0,0.0,0.00031889999999999696
331923,3182347,3695938,0.0,0.0,0.0005599999999999911
427799,5516054,2774478,0.0,0.0,0.059048
302994,2503405,2924576,0.0,0.0,0.00011089999999999711
329386,3155239,4890008,0.0,0.0,0.00017500000000000848
417446,5326804,1783897,0.0,0.0,0.0005615000000000064
354394,3661720,2043265,0.0,0.0,0.0012090000000000017
421929,5424209,2343893,0.0,0.0,0.003025
318136,2845070,5772822,0.0,0.0,0.002242999999999995
262339,1747138,1322170,0.0,0.0,1.0500000000010501e-05
440998,5768489,3730965,0.0,0.0,0.00011900000000000799
366957,4187956,5875438,0.0,0.0,0.00026500000000000135
305076,2521220,5256959,0.0,0.0,0.0003690000000000082
400913,4899795,4012645,0.0,0.0,0.0016029999999999933
426405,5469019,2928442,0.0,0.0,0.00016660000000000286
293920,2329135,1339990,0.0,0.0,0.00022700000000000498
320931,2885495,5473958,0.0,0.0,0.0002819999999999906
411457,5051192,5913281,0.0,0.0,0.0003796999999999967
449459,5879464,3217054,0.0,0.0,0.0003949000000000036
343712,3465032,4812251,0.0,0.0,0.0007719999999999949
379166,4564759,3281534,0.0,0.0,0.0015310000000000046
250254,1558454,4067160,0.0,0.0,0.001710000000000017
451598,5882765,5799670,0.0,0.0,0.002113999999999991
375857,4511366,1886329,0.0,0.0,0.0021559999999999913
347557,3610160,3179231,0.0,0.0,0.0025270000000000015
251671,1586203,4011631,0.0,0.0,0.005798999999999999
319185,2880053,4283128,0.0,0.0,0.008961000000000025
308330,2663901,1565938,0.0,0.0,0.009881999999999974
356125,3674270,3006340,0.0,0.0,0.026969999999999994
242546,1393997,2324728,0.0,0.0,0.047508999999999996
327979,3139202,5024745,0.0,0.0,0.0003665000000000057
445646,5810983,5015142,0.0,0.0,0.0004055000000000031
380381,4697521,2585700,0.0,0.0,0.0007685999999999943
348923,3630485,2945278,0.0,0.0,0.001816200000000004
336795,3373417,5779262,0.0,0.0,0.00448800000000002
405078,4940319,3592915,0.0,0.0,0.006765000000000007
259297,1651088,5762004,0.0,0.0,0.020070000000000005
345790,3549656,2059309,0.0,0.0,1.2999999999999123e-05
306743,2577605,6013000,0.0,0.0,0.0004257000000000011
352831,3661086,1623634,0.0,0.0,0.005593000000000001
260629,1669743,5384779,0.0,0.0,0.008324999999999999
276851,2054622,1916600,0.0,0.0,0.011110000000000009
363029,4128443,2110365,0.0,0.0,0.037932999999999995
261689,1739842,3896887,0.0,0.0,0.039259800000000004
333712,3186046,5006068,0.0,0.0,0.0478924
239430,1367516,1498841,0.0,1.0,0.0002970000000000056
388238,4749444,4976696,0.0,1.0,0.0013570000000000249
435571,5671500,4858662,0.0,1.0,0.0014099999999999946
397771,4892642,3146154,0.0,1.0,0.007155999999999996
338379,3396147,1250365,0.0,1.0,0.007386999999999991
439829,5706358,4698864,0.0,1.0,0.011289999999999994
364488,4146142,2211179,0.0,1.0,0.054642000000000024
381440,4727514,1303940,0.0,2.0,0.00011400000000000299
372084,4451670,3630592,0.0,2.0,0.0016670000000000018
341996,3460413,3765789,0.0,2.0,0.0026884999999999964
254313,1637203,3249370,0.0,2.0,0.0054116999999999915
310443,2666130,3818554,0.0,2.0,0.09180300000000002
334581,3270467,2960721,0.0,3.0,0.0033939999999999804
443324,5793286,1940064,0.0,3.0,0.027248999999999995
344960,3540856,4047671,0.0,3.0,0.079973
374048,4454185,5571330,0.0,4.0,0.0017249000000000014
396287,4880467,2963047,0.0,4.0,0.007020399999999996
312759,2754748,1994841,0.0,4.0,0.0070310999999999985
391748,4849836,2190480,0.0,4.0,0.011588999999999988
321862,3016118,3636301,0.0,5.0,0.0002489999999999992
433070,5669026,1177919,0.0,5.0,0.004966999999999999
269264,1870782,5454733,0.0,5.0,0.009772500000000003
264485,1757637,3715316,0.0,5.0,0.024248000000000006
233839,1123589,2000082,0.0,6.0,0.00545000000000001
421416,5377854,5619075,0.0,6.0,0.014819800000000001
428883,5563731,1617372,0.0,6.0,0.018249
256504,1649298,5969645,0.0,6.0,0.0779203
425781,5450713,5839582,0.0,7.0,0.0384955
236246,1163429,5420016,0.0,7.0,0.06298590000000001
89253,3044405,5936256,1.0,0.0,0.001806000000000002
104705,3271142,2898887,1.0,0.0,0.005531999999999981
214455,5589624,1682733,1.0,0.0,7.999999999999674e-05
206727,5304904,5633556,1.0,0.0,8.860000000000812e-05
116575,3570569,2785030,1.0,0.0,0.004844999999999988
165172,4687565,1015283,1.0,0.0,0.00013579999999999148
25081,1673353,5297423,1.0,0.0,0.0002839999999999926
224132,5885647,4162536,1.0,0.0,0.0010380000000000111
191740,5117616,5309068,1.0,0.0,0.004701999999999984
102377,3211353,5024471,1.0,0.0,0.10443100000000002
111333,3389190,5091556,1.0,0.0,0.00014050000000000173
169317,4774685,4982400,1.0,0.0,0.00021269999999999623
79684,2812879,3740664,1.0,0.0,0.0006528999999999979
199659,5202188,2002661,1.0,0.0,0.0006630000000000247
148622,4380976,5430199,1.0,0.0,2.519999999998912e-05
181915,5023434,2361090,1.0,0.0,0.00017050000000000398
229410,5997812,1952883,1.0,0.0,0.0006745000000000084
11573,1307485,4932356,1.0,0.0,0.0009129999999999971
94113,3118319,2338735,1.0,0.0,0.0010040000000000049
178419,4962874,5540313,1.0,0.0,0.0010201999999999989
82027,2952722,1695679,1.0,0.0,0.0014230000000000076
123135,3625363,4819188,1.0,0.0,0.0032323999999999964
7123,1250063,4977904,1.0,0.0,0.00044240000000000945
30508,1815342,3517104,1.0,0.0,0.0025049999999999933
12102,1319725,1734997,1.0,0.0,8.080000000000587e-05
167424,4724885,3573618,1.0,0.0,0.00022329999999999572
47290,2056147,4946828,1.0,0.0,0.00030619999999999953
886,1010454,3987405,1.0,0.0,0.0035319999999999796
217845,5631620,3053877,1.0,0.0,0.0036749999999999977
119397,3596937,2289442,1.0,0.0,0.00023430000000000673
97180,3173922,2592139,1.0,0.0,0.0002570000000000072
209841,5520362,1119112,1.0,0.0,0.0002582000000000001
45165,2002547,2832949,1.0,0.0,0.0010257000000000044
231557,6021403,4097485,1.0,0.0,0.0018856000000000012
65240,2385711,5241662,1.0,0.0,0.0028770000000000046
155170,4408710,2464370,1.0,0.0,0.022059999999999996
194687,5139790,5222176,1.0,0.0,0.0001472000000000001
63405,2376941,4071036,1.0,0.0,0.00017400000000000748
10143,1293134,5081839,1.0,0.0,0.0005319999999999908
69011,2647454,2958735,1.0,0.0,0.0006624999999999964
108310,3302956,4987713,1.0,0.0,0.0016180000000000083
96033,3173896,3691377,1.0,0.0,0.001709299999999997
120694,3608514,1623832,1.0,0.0,0.009170999999999985
113297,3553305,1788006,1.0,0.0,0.03798499999999999
223187,5803956,5980071,1.0,0.0,6.280000000000174e-05
74999,2742392,3058484,1.0,0.0,0.00015300000000000036
17280,1430060,4086233,1.0,0.0,0.0005200000000000066
186376,5078598,2355310,1.0,0.0,0.0005266000000000021
227033,5925699,3872854,1.0,0.0,0.011186000000000001
90942,3067317,1653491,1.0,0.0,0.00010200000000001874
183428,5057074,2432560,1.0,0.0,0.0004438999999999971
197024,5187166,3071150,1.0,0.0,0.0010517000000000026
99788,3203466,1368400,1.0,0.0,0.0037698000000000037
219852,5790458,4814348,1.0,0.0,5.179999999999768e-05
34213,1872254,5989668,1.0,0.0,0.0005041000000000073
128016,3842489,1193616,1.0,0.0,0.0005802000000000029
204815,5286821,4241254,1.0,0.0,0.009421000000000013
27260,1771003,2670351,1.0,0.0,0.00021700000000002273
141116,4175998,5208855,1.0,0.0,0.0003029999999999977
137975,4132308,4643850,1.0,0.0,0.0007969999999999922
84754,2960507,5802564,1.0,0.0,4.200000000000037e-05
14445,1348463,4560521,1.0,0.0,0.0001010999999999998
146210,4331190,2381266,1.0,0.0,0.0003737999999999936
158019,4459866,2076500,1.0,0.0,0.0011540000000000022
74122,2692976,5067042,1.0,0.0,0.0013515000000000055
143523,4308718,3300140,1.0,0.0,0.008230000000000015
34576,1892887,2276905,1.0,0.0,0.010793000000000025
60712,2336547,5022883,1.0,0.0,0.00027040000000000397
152115,4396600,2241912,1.0,0.0,0.0004240000000000077
71485,2690477,1239033,1.0,0.0,0.0006089999999999984
190096,5096213,4822485,1.0,0.0,0.0006495000000000112
50757,2194571,1619993,1.0,0.0,0.0032149999999999956
14939,1393148,1237065,1.0,0.0,0.008274000000000004
135640,4078932,1862821,1.0,0.0,0.01962999999999998
133879,3927076,5902859,1.0,0.0,0.00015940000000000398
151040,4384912,3522931,1.0,0.0,0.0004180999999999907
80392,2905622,1148172,1.0,0.0,0.0006542000000000076
127199,3796240,3437305,1.0,0.0,0.0009959999999999969
134971,4050802,4543826,1.0,0.0,0.004175999999999985
179910,4979994,5542305,1.0,0.0,0.04016699999999998
18764,1541261,4070440,1.0,0.0,0.059442999999999996
58699,2308694,3280167,1.0,0.0,0.0004590000000000011
37218,1908988,1067593,1.0,0.0,0.00048679999999999557
21550,1611556,3432088,1.0,0.0,0.0007831999999999978
209332,5457226,4389786,1.0,0.0,0.0007840000000000069
38966,1920603,2039069,1.0,0.0,0.0012759999999999994
40199,1932795,1087582,1.0,0.0,0.05721499999999999
115093,3559269,2805266,1.0,0.0,0.08230799999999999
5719,1132275,5241548,1.0,0.0,0.00047279999999999545
174533,4941475,2527266,1.0,0.0,0.0005189000000000027
99012,3196728,3701786,1.0,0.0,0.0025189999999999935
131189,3913375,1910727,1.0,0.0,0.0035892000000000007
47806,2086620,1701417,1.0,0.0,0.006185099999999999
164770,4686851,4707367,1.0,0.0,0.006266999999999995
160376,4500441,4938932,1.0,0.0,0.017761000000000013
149096,4384693,2095545,1.0,0.0,0.08609199999999997
44260,1963993,4769677,1.0,0.0,0.095692
67198,2572392,1889460,1.0,0.0,0.00034100000000000796
55528,2238072,2650657,1.0,0.0,0.0007090000000000013
173857,4883296,5229106,1.0,0.0,0.0020749999999999935
124720,3741313,5086921,1.0,0.0,0.008371000000000003
162510,4675773,2143881,1.0,0.0,0.09137200000000001
193050,5134152,4744157,1.0,0.0,0.00011200000000000099
76928,2753098,4487151,1.0,0.0,0.0005706999999999934
50110,2149494,4366037,1.0,0.0,0.001655799999999999
156752,4441942,2786002,1.0,0.0,0.004171899999999992
37115,1907016,5719846,1.0,0.0,0.01915
93358,3085183,4757481,1.0,0.0,0.02467499999999999
28940,1803800,3287355,1.0,0.0,0.038336999999999996
106790,3298261,4895860,1.0,0.0,0.043042
161409,4568991,3402496,1.0,0.0,0.060921
225014,5894215,2199469,1.0,0.0,0.1326089
139514,4135140,4855374,1.0,0.0,0.1942976
8165,1264476,3453138,1.0,0.0,0.00010789999999999411
102821,3248458,1575184,1.0,0.0,0.0007664999999999964
86598,3006541,2091521,1.0,0.0,0.0037861000000000006
180511,4999887,2614457,1.0,0.0,0.028831700000000002
1834,1067519,2256720,1.0,0.0,0.029911900000000005
202998,5264035,3151988,1.0,0.0,0.0493581
195584,5156315,3242071,1.0,0.0,0.0703815
201359,5243389,2677245,1.0,0.0,0.12798330000000002
70466,2687654,2845374,1.0,0.0,0.14913569999999998
169983,4798240,2271900,1.0,1.0,0.004088699999999994
86158,2981060,5530719,1.0,1.0,0.010903900000000008
54788,2237999,5090770,1.0,1.0,0.0818524
111711,3408198,1448953,1.0,1.0,0.0918803
31924,1821608,3308777,1.0,1.0,0.15103409999999998
57180,2245193,3180101,1.0,2.0,0.18775990000000004
61789,2368191,3606585,1.0,2.0,0.2309912
175773,4956278,1697582,1.0,3.0,0.0016417999999999988
125231,3773752,1889510,1.0,3.0,0.0083868
90252,3064863,4280460,1.0,3.0,0.012992100000000006
228386,5934506,3442429,1.0,3.0,0.0357927
22456,1626534,1528304,1.0,3.0,0.044641
216733,5615698,4281641,1.0,3.0,0.06463200000000001
118425,3594745,3936240,1.0,3.0,0.07919010000000001
109115,3376112,2720966,1.0,3.0,0.10828339999999999
25888,1692696,3041145,1.0,3.0,0.12313299999999999
213252,5571009,2638886,1.0,3.0,0.1512272
171479,4817502,2293285,1.0,4.0,0.058694300000000005
153419,4399378,1597653,1.0,4.0,0.0688015
66217,2489966,3507429,1.0,4.0,0.08087280000000001
129948,3869433,2722698,1.0,4.0,0.1548359
144858,4320731,2824162,1.0,5.0,0.197544
78151,2805181,3586056,1.0,6.0,0.002923999999999996
185792,5071401,5320316,1.0,7.0,9.000000000009e-06
211305,5521693,1037992,1.0,7.0,0.01291500000000001
220951,5796333,3456011,1.0,8.0,0.0037204999999999946
52133,2215928,1214796,1.0,8.0,0.004735100000000006
188252,5080989,3562187,1.0,8.0,0.018688999999999997
199191,5190697,5354927,1.0,9.0,0.00013820000000000499
42629,1940154,4253248,1.0,9.0,0.0440855
3256,1119540,2040174,1.0,9.0,0.0467525
20277,1577271,4164057,1.0,9.0,0.0471992
142473,4292971,4778718,1.0,9.0,0.050493899999999994
208051,5392597,5088940,1.0,10.0,0.08455139999999998
