,eid_x,eid_y,sex,diff_age,diff_rfMRI
64611,4994567,3748858,0.0,0.0,0.034116099999999996
22629,2191974,2202753,0.0,0.0,0.0005378999999999939
30311,2904003,4932640,0.0,0.0,0.0007068000000000005
84205,5926646,5997375,0.0,0.0,0.0014393999999999935
55413,4529740,1618746,0.0,0.0,0.002475299999999993
1990,1215795,3421514,0.0,0.0,0.013786000000000007
68488,5305832,3006800,0.0,0.0,0.00037790000000000046
57283,4570478,3183358,0.0,0.0,0.0005490000000000078
41200,3523643,2916881,0.0,0.0,0.050302
44930,3864066,1138075,0.0,0.0,0.0006584999999999924
31939,2997291,5127992,0.0,0.0,0.2273039
18009,1923429,3287160,0.0,0.0,0.00018060000000000298
50009,4323666,2850876,0.0,0.0,0.0032443000000000055
37942,3374347,2608845,0.0,0.0,0.00010839999999999461
65850,5123371,1728980,0.0,0.0,0.0012549999999999922
15705,1864088,3827199,0.0,0.0,0.004473099999999994
72536,5394018,3234962,0.0,0.0,0.015511200000000003
37293,3331750,3483482,0.0,0.0,0.0016280000000000044
48767,4160504,5051663,0.0,0.0,0.0017719999999999958
50938,4342338,3535846,0.0,0.0,0.007374500000000006
80761,5766718,4487703,0.0,0.0,0.0012865999999999989
62190,4803941,3685125,0.0,0.0,0.0050504000000000104
36862,3303931,5867051,0.0,0.0,0.005916900000000003
19949,2056586,5335633,0.0,0.0,0.022816299999999998
28187,2787447,1923186,0.0,0.0,7.80000000000225e-06
10558,1480588,1994882,0.0,0.0,9.340000000000737e-05
924,1134097,1948752,0.0,0.0,0.0028447000000000056
23258,2402988,1004755,0.0,0.0,0.00419499999999999
74161,5544402,3383926,0.0,0.0,0.0018620000000000025
85838,6024256,1206268,0.0,0.0,0.0020842000000000083
78666,5625392,1573627,0.0,0.0,0.130043
44176,3814561,1536055,0.0,0.0,8.529999999999649e-05
2670,1226634,2687761,0.0,0.0,0.00010939999999999561
57994,4678771,2623121,0.0,0.0,0.000743599999999997
22218,2148804,4515383,0.0,0.0,0.08950999999999999
31060,2974161,4604485,0.0,0.0,0.0002822999999999992
61321,4792750,3323665,0.0,0.0,0.0014847000000000055
13444,1719454,4783930,0.0,0.0,0.0018679999999999947
16424,1864472,3408104,0.0,0.0,0.04748029999999999
53292,4367060,3256599,0.0,0.0,0.06209630000000001
35112,3231677,4844381,0.0,0.0,0.07272059999999998
33842,3220006,2112524,0.0,0.0,0.0004154999999999992
52272,4363256,2042131,0.0,0.0,0.0006292999999999993
60351,4740737,2347920,0.0,0.0,0.000786999999999996
70124,5328073,3222609,0.0,0.0,0.0008970000000000089
20355,2070566,2960002,0.0,0.0,0.003104700000000002
7059,1371946,5019462,0.0,0.0,0.0068040000000000045
32125,3021858,1378129,0.0,0.0,0.03197599999999998
66658,5282712,1755157,0.0,0.0,8.930000000000049e-05
71836,5392911,3775519,0.0,0.0,0.00011930000000000274
7585,1413077,3311256,0.0,0.0,0.031868199999999985
62998,4850359,3716772,0.0,0.0,0.0001618000000000036
52128,4352094,6019680,0.0,0.0,0.0003210000000000157
53963,4413008,2543056,0.0,0.0,0.0007904999999999995
70899,5334432,3042272,0.0,0.0,0.0014906000000000086
18872,2053156,3622989,0.0,0.0,0.012520500000000004
27483,2733732,2457847,0.0,0.0,0.014947000000000002
43404,3619696,1774513,0.0,0.0,0.04727799999999999
75685,5559015,2916038,0.0,0.0,0.0003021999999999886
75286,5557983,5335018,0.0,0.0,0.02824800000000001
47062,3995829,4378713,0.0,0.0,0.092935
82307,5836766,4034202,0.0,0.0,0.00029520000000000934
83236,5877139,4866325,0.0,0.0,0.0011762000000000022
4397,1345071,3430075,0.0,0.0,0.013590899999999989
35511,3272291,2496673,0.0,0.0,0.0155275
42525,3604601,1140323,0.0,0.0,0.047271999999999995
42294,3568542,4671547,0.0,0.0,0.1559744
38942,3456709,3726704,0.0,0.0,0.3051689
9255,1416939,3672033,0.0,0.0,0.0016691999999999957
47538,4017057,2475666,0.0,0.0,0.017626699999999995
58786,4708224,2589934,0.0,0.0,0.1118503
54778,4522523,2596703,0.0,1.0,5.830000000001112e-05
3775,1328143,4526001,0.0,1.0,0.001959299999999997
67483,5288039,1900639,0.0,1.0,0.004948099999999997
21071,2138076,2472119,0.0,1.0,0.03243779999999999
8770,1413567,5749642,0.0,1.0,0.03462889999999999
79720,5722234,3040980,0.0,1.0,0.03809520000000001
77501,5564034,4098015,0.0,1.0,0.0622283
69340,5307733,3316558,0.0,1.0,0.09394899999999999
45727,3888484,1114345,0.0,1.0,0.13466440000000002
65628,5099266,5155891,0.0,2.0,0.010678
13896,1797652,2676338,0.0,2.0,0.03873379999999999
81205,5777277,2362604,0.0,2.0,0.05658970000000001
5147,1355903,3165342,0.0,2.0,0.07396719999999998
78590,5572618,5993442,0.0,2.0,0.07454159999999999
63833,4888986,3856730,0.0,2.0,0.15645420000000002
15171,1837387,5614163,0.0,3.0,0.0323505
33593,3031725,5393699,0.0,4.0,0.001483000000000012
25044,2558399,2242682,0.0,4.0,0.008944999999999995
73294,5511958,2983776,0.0,4.0,0.0539284
40725,3513632,4840889,0.0,5.0,0.0013305000000000122
17,1075387,1134408,0.0,5.0,0.0783678
9726,1458642,1810482,0.0,6.0,0.00038909999999998945
76958,5562844,5855523,0.0,6.0,0.12125389999999998
49129,4205325,2416648,0.0,7.0,0.0002874000000000071
29460,2848243,4626524,0.0,7.0,0.013290700000000003
11834,1551514,4759243,0.0,7.0,0.01964919999999999
17054,1892330,2430010,0.0,7.0,0.055841
84324,5963388,1900476,0.0,7.0,0.05965560000000002
26594,2664089,1967334,0.0,7.0,0.10572309999999999
12393,1606672,3284245,0.0,8.0,0.00011780000000000124
85749,5994846,5639221,0.0,8.0,0.023029900000000006
25872,2589981,2420076,0.0,8.0,0.0538371
59801,4709542,3754683,0.0,9.0,0.07857609999999998
5889,1365870,2769657,0.0,9.0,0.1249027
40016,3457071,5461601,0.0,10.0,0.051077099999999986
24129,2478639,1553577,0.0,10.0,0.077787
56401,4559571,2674268,0.0,10.0,0.11495599999999999
105444,3648011,1335992,1.0,0.0,0.0009419999999999984
101567,3188412,3696251,1.0,0.0,0.0007319999999999827
108767,4161844,1406540,1.0,0.0,0.0008459999999999995
100218,3076720,2674864,1.0,0.0,0.06357299999999999
90870,1731543,5288428,1.0,0.0,0.00033099999999999796
88482,1456439,4408278,1.0,0.0,0.0004562999999999928
97362,2753030,4653651,1.0,0.0,0.00010000000000000286
108547,3961599,5391863,1.0,0.0,0.00039500000000000646
111059,4901428,1782029,1.0,0.0,0.0007810999999999929
122240,5662513,2434865,1.0,0.0,0.0020556000000000046
93272,2216071,1192760,1.0,0.0,0.05695799999999998
89185,1707294,2704584,1.0,0.0,6.110000000000837e-05
113347,4956440,2139051,1.0,0.0,0.00022579999999999822
107104,3655207,3754700,1.0,0.0,0.004653000000000004
119011,5411226,2806367,1.0,0.0,0.005538000000000001
102866,3357293,4574968,1.0,0.0,0.019176
104877,3557115,3689726,1.0,0.0,0.03562000000000001
95991,2507984,3463643,1.0,0.0,0.0001860000000000056
91163,1772478,1659144,1.0,0.0,0.005315
115792,5174313,3163646,1.0,0.0,0.054521700000000006
121745,5565439,5092709,1.0,1.0,0.0013051000000000035
103495,3521555,2519028,1.0,1.0,0.061579499999999995
116550,5202102,1640146,1.0,1.0,0.1298974
112722,4913041,4240645,1.0,3.0,0.07811869999999999
92700,2157506,3543333,1.0,4.0,0.00020280000000000298
119851,5442158,1593958,1.0,4.0,0.0007105000000000028
95342,2239389,5536544,1.0,4.0,0.014042100000000002
124091,5993794,5720158,1.0,4.0,0.2575801
87081,1157153,3129119,1.0,5.0,0.0304957
98260,2778546,3712738,1.0,5.0,0.11086719999999999
114963,5099575,4357222,1.0,5.0,0.116245
99748,3057884,5497446,1.0,6.0,0.0304146
118143,5296954,3750770,1.0,10.0,0.0920462
110267,4369897,3135011,1.0,10.0,0.1533354
