1112721,3346895,1.0,0.0,0.0
1158096,2649284,0.0,0.0,5.100000000002325e-05
1173942,5770285,1.0,0.0,0.00037899999999999046
1268786,1964628,1.0,0.0,2.8000000000000247e-05
1326745,2215325,1.0,0.0,0.00014100000000000223
1407288,1608547,1.0,0.0,4.399999999998849e-05
1450851,3247116,1.0,0.0,0.0004210000000000047
1557244,5783788,1.0,0.0,0.00013939999999999786
1768058,1510150,0.0,0.0,0.00016800000000000148
1899853,5482964,0.0,0.0,0.16464
2007014,3043041,1.0,0.0,0.00044800000000000395
2069319,4633920,1.0,0.0,0.00040800000000001946
2164212,2344765,1.0,0.0,0.00015969999999999873
2180808,3668564,1.0,0.0,0.0004300000000000137
2199932,2987106,1.0,0.0,0.002253000000000005
2206946,4681540,1.0,0.0,5.3999999999998494e-05
2233993,1822150,1.0,0.0,0.08071399999999995
2304189,4842898,0.0,0.0,2.0999999999993246e-05
2409859,4229510,1.0,0.0,0.001789999999999986
2415689,3659481,1.0,0.0,1.8999999999991246e-05
2427648,5155143,1.0,0.0,0.0006120000000000014
2439093,5915432,1.0,0.0,8.400000000000074e-05
2477137,4709639,1.0,0.0,0.0007000000000000062
2515237,4684802,1.0,0.0,0.00019800000000000373
2572807,5702853,1.0,0.0,0.0004381999999999997
2603666,3679710,0.0,0.0,7.200000000000262e-05
2603770,5234525,1.0,0.0,0.0004380000000000217
2621875,3152546,0.0,0.0,1.9999999999992246e-05
2683293,2850539,0.0,0.0,0.0001860000000000056
2688424,5458670,0.0,0.0,4.699999999999149e-05
2694773,4914834,0.0,0.0,6.889999999999674e-05
2759088,2020315,1.0,0.0,7.699999999999374e-05
2774794,4114580,0.0,0.0,0.0007340000000000124
2888596,2465906,0.0,0.0,4.200000000001425e-05
3007389,4118138,0.0,0.0,9.770000000000612e-05
3126539,4100700,1.0,0.0,0.0001769999999999966
3146558,3385353,1.0,0.0,1.7999999999990246e-05
3217645,4658019,0.0,0.0,0.0010179999999999911
3234683,1367791,0.0,0.0,0.00020100000000000673
3367331,4257304,0.0,0.0,8.900000000000574e-05
3367603,3500297,0.0,0.0,2.000000000002e-06
3377641,2678892,1.0,0.0,0.00015800000000001924
3523862,3620131,0.0,0.0,0.00012100000000000999
3529629,5220878,1.0,0.0,0.00014600000000000724
3537361,3595752,1.0,0.0,2.0000000000575113e-07
3557203,3981669,1.0,0.0,0.00010699999999999599
3570938,1809267,0.0,0.0,8.600000000000274e-05
3574669,3309813,0.0,0.0,0.0008932999999999996
3593604,5251033,0.0,0.0,5.100000000002325e-05
3678786,2083414,1.0,0.0,0.00020099999999999285
3693351,4622768,1.0,0.0,0.0009199999999999764
3722180,3554911,0.0,0.0,8.470000000000699e-05
3734047,1985033,1.0,0.0,0.0005449999999999899
3743926,2657435,1.0,0.0,0.007471000000000005
3767053,4989632,0.0,0.0,0.0003510000000000041
3768726,1440233,1.0,0.0,0.00022199999999999998
3780947,2479304,0.0,0.0,5.000000000000837e-05
3818922,4091635,1.0,0.0,0.0005707000000000073
3847287,5837105,0.0,0.0,0.0008810000000000207
3847984,3114552,1.0,0.0,1.5000000000001124e-05
3896518,4560184,0.0,0.0,0.0003070000000000017
3934422,3387993,0.0,0.0,0.0004166000000000031
3953407,1418707,0.0,0.0,0.0001431999999999961
3993058,4757481,1.0,0.0,1.5000000000001124e-05
4002875,1108572,0.0,0.0,0.00019800000000000373
4047107,5296146,1.0,0.0,7.540000000000324e-05
4133552,3122032,1.0,0.0,0.0008930000000000049
4194025,4807123,0.0,0.0,1.2999999999999123e-05
4238364,4307809,1.0,0.0,0.00015600000000000336
4446179,3324131,1.0,0.0,0.0004936999999999997
4458350,5841204,1.0,0.0,0.00031989999999999796
4463554,1446949,0.0,0.0,1.8999999999991246e-05
4537311,2647773,1.0,0.0,0.00021200000000001773
4705010,2109439,0.0,0.0,0.00026700000000000335
4713730,3944129,0.0,0.0,4.0199999999990244e-05
4754927,1990362,1.0,0.0,7.199999999998874e-05
4992591,1481090,1.0,0.0,2.0999999999993246e-05
5025817,5202856,0.0,0.0,1.9999999999992246e-05
5047921,5749477,0.0,0.0,0.0001436000000000076
5150369,1236683,0.0,0.0,1.2000000000012001e-05
5405409,3377442,1.0,0.0,0.040242
5415132,5158025,1.0,0.0,0.00011699999999999211
5457875,4928694,0.0,0.0,0.00012799999999998923
5475744,1995381,1.0,0.0,0.0003301999999999958
5591915,4344948,0.0,0.0,0.00011780000000000124
5595560,5537465,0.0,0.0,5.9000000000003494e-05
5659775,5165860,0.0,0.0,9.140000000000537e-05
5676689,2983302,1.0,0.0,2.9000000000001247e-05
5811197,2633278,1.0,0.0,0.0001820000000000016
5836409,5539437,1.0,0.0,4.600000000000437e-05
5838193,4245057,0.0,0.0,1.7699999999995497e-05
5889636,5803715,1.0,0.0,2.3999999999996247e-05
