1028997,2585828,1.0,0.0,0.00010100000000001774
1036659,1786138,1.0,0.0,7.20000000000165e-05
1051967,4741975,0.0,0.0,0.00014300000000000423
1110897,3589575,0.0,0.0,9.699999999999986e-05
1180117,4200617,0.0,0.0,0.0001921000000000006
1220292,1354659,1.0,0.0,5.1999999999996493e-05
1259011,5334792,1.0,0.0,5.719999999999337e-05
1275254,1002559,1.0,0.0,0.00036529999999999896
1277640,2454291,1.0,0.0,0.011608000000000007
1410497,2181561,1.0,0.0,0.0009319999999999884
1422561,2963403,1.0,0.0,4.899999999999349e-05
1448280,4448687,1.0,0.0,9.400000000006625e-06
1524803,5890791,1.0,0.0,0.00033700000000000396
1537073,2034815,0.0,0.0,0.00015899999999999248
1564948,4491856,1.0,0.0,0.0003239999999999979
1814581,3960023,0.0,0.0,7.899999999999574e-05
1838022,2691283,1.0,0.0,1.9999999999992246e-05
1949895,5455768,1.0,0.0,0.00019199999999999773
2013030,3464222,0.0,0.0,2.5999999999998247e-05
2055845,2891231,1.0,0.0,0.0004330000000000028
2111225,3915559,1.0,0.0,8.099999999999774e-05
2229183,5396574,1.0,0.0,0.0014100000000000223
2239913,1352757,0.0,0.0,3.849999999999687e-05
2361776,4242142,0.0,0.0,7.899999999999574e-05
2447958,1078753,1.0,0.0,1.1600000000000499e-05
2501060,4943714,1.0,0.0,0.0002309000000000061
2514747,4775599,0.0,0.0,5.2499999999996994e-05
2602105,2626167,0.0,0.0,5.100000000000937e-05
2606700,1005822,1.0,0.0,4.730000000000012e-05
2660288,5356825,0.0,0.0,7.200000000000262e-05
2680529,3331882,1.0,0.0,9.999999999998899e-05
2755290,4008646,1.0,0.0,0.008745999999999976
2780044,5200422,1.0,0.0,0.0001246000000000025
2900296,2098766,1.0,0.0,0.000125100000000003
2943729,5453287,1.0,0.0,3.700000000000925e-05
3070971,1359386,1.0,0.0,1.1999999999998123e-05
3170708,4224813,1.0,0.0,9.699999999999986e-05
3172429,3211725,0.0,0.0,0.0004180000000000017
3172979,5149250,0.0,0.0,8.940000000000337e-05
3196384,2021674,1.0,0.0,0.0001290000000000041
3432599,5022182,0.0,0.0,0.001374000000000014
3640499,1845773,1.0,0.0,6.1000000000005494e-05
3665013,1552580,0.0,0.0,9.400000000001074e-05
3713702,1758104,0.0,0.0,0.00014889999999999348
3770970,4922071,0.0,0.0,0.00023460000000000147
3773588,1957806,1.0,0.0,0.0004159999999999997
3865023,1605613,1.0,0.0,0.004203000000000012
3966112,2589389,1.0,0.0,2.8799999999995496e-05
4028990,5275866,0.0,0.0,0.0005020000000000024
4039228,5440959,0.0,0.0,6.849999999999912e-05
4055235,5094275,0.0,0.0,4.599999999999049e-05
4126162,5221080,0.0,0.0,2.8000000000000247e-05
4167568,1692952,1.0,0.0,0.0001810000000000006
4259625,3627897,1.0,0.0,0.00016899999999997473
4274738,4488454,0.0,0.0,3.410000000000912e-05
4370554,2316544,0.0,0.0,4.5199999999995244e-05
4395200,1039661,1.0,0.0,5.300000000013627e-06
4486103,3712626,0.0,0.0,0.00013230000000000186
4489887,2791594,1.0,0.0,8.500000000000174e-05
4518945,4976952,1.0,0.0,0.006478000000000039
4531960,4613071,0.0,0.0,0.00010299999999999199
4612297,1605477,1.0,0.0,5.0000000000050004e-06
4666588,4360674,1.0,0.0,0.00041589999999999683
4693848,2529175,1.0,0.0,0.00617899999999999
4708009,2935925,1.0,0.0,0.00018139999999999823
4792792,2795925,0.0,0.0,0.0002198000000000061
4830688,5047844,0.0,0.0,0.00010299999999999199
4910152,5111154,1.0,0.0,7.800000000000862e-05
4986694,4171265,0.0,0.0,0.0003969999999999807
5004125,5856658,1.0,0.0,0.00021459999999999535
5065938,4993748,1.0,0.0,0.00016900000000000248
5087987,2602019,1.0,0.0,2.999999999998837e-05
5158887,2892097,0.0,0.0,2.9999999999891225e-06
5292047,2655655,1.0,0.0,0.00016499999999999848
5383001,1897963,0.0,0.0,0.010931000000000024
5427358,5655043,0.0,0.0,3.299999999999137e-05
5441540,3747218,1.0,0.0,0.00021799999999999597
5510627,2123397,1.0,0.0,0.00020899999999998697
5688842,5941579,1.0,0.0,1.6999999999989246e-05
5721251,4267950,1.0,0.0,4.199999999998649e-05
5843696,2393077,1.0,0.0,5.0000000000050004e-06
5905436,1275329,1.0,0.0,0.00021050000000000235
5909927,4560609,1.0,0.0,0.0005309999999999759
5961488,2247734,1.0,0.0,2.6999999999999247e-05
5983716,5151292,1.0,0.0,0.0005621999999999988
