,eid_x,eid_y,sex,diff_age,diff_rfMRI
7957,2638972,4825337,0.0,0.0,0.04912409999999999
22021,5615413,2813803,0.0,0.0,2.2000000000008124e-05
3716,1567996,5877246,0.0,0.0,0.003523599999999995
20773,5450025,2785972,0.0,0.0,0.002544400000000002
15696,4641332,2122492,0.0,0.0,0.14318799999999998
386,1002024,4033930,0.0,0.0,0.0005572000000000077
11328,3189214,2076393,0.0,0.0,0.017401
10375,3137098,4244230,0.0,0.0,0.08030009999999999
14458,4266455,2147711,0.0,0.0,0.04835500000000001
4295,1783003,5396851,0.0,0.0,0.00285450000000001
23150,5846256,1995983,0.0,0.0,0.037057999999999994
17211,4748680,4084955,0.0,0.0,0.0002284999999999926
9814,2678310,4761657,0.0,0.0,0.027159000000000003
2242,1229119,3902447,0.0,0.0,0.03126100000000001
6358,2140486,2146963,0.0,0.0,0.006802900000000001
7250,2484519,4144214,0.0,0.0,0.08426230000000001
13713,3842853,1083995,0.0,0.0,0.0004577999999999943
22809,5644077,4011978,0.0,0.0,0.056898000000000004
12416,3216178,5681522,0.0,1.0,0.0811167
5179,2112218,2645318,0.0,2.0,0.03581179999999999
4584,1784376,2879478,0.0,2.0,0.19497140000000002
18055,4827138,5916716,0.0,3.0,0.004045800000000002
9281,2663332,5431135,0.0,3.0,0.051400299999999996
1154,1065811,5236795,0.0,3.0,0.065312
8573,2653426,4791036,0.0,3.0,0.1119743
24118,5959982,4573895,0.0,4.0,0.014030999999999988
20017,5285403,1844152,0.0,6.0,0.0012696000000000027
1507,1104018,3180119,0.0,6.0,0.012102000000000002
10769,3158047,2552705,0.0,6.0,0.015427999999999997
18673,4957911,5891211,0.0,7.0,0.00028010000000000534
19127,5112914,4533976,0.0,7.0,0.0022976999999999997
19563,5187549,3082770,0.0,7.0,0.033198000000000005
2607,1416594,2090069,0.0,8.0,0.0003524000000000027
16381,4721675,2571082,0.0,8.0,0.0008740000000000137
12576,3475814,2090392,0.0,10.0,0.031356999999999996
21614,5537880,4483195,0.0,12.0,0.005066999999999988
6086,2140421,4821039,0.0,12.0,0.092948
15471,4547260,5163552,0.0,14.0,0.006379999999999997
13233,3571285,2296255,0.0,14.0,0.011349800000000007
38695,5006731,5686293,1.0,0.0,0.0001325999999999966
40995,5489257,2683416,1.0,0.0,0.018229999999999996
26593,1803157,2980520,1.0,0.0,0.0013745999999999897
39733,5397114,1064667,1.0,0.0,0.0013799999999999923
36498,4620099,4273510,1.0,0.0,3.200000000000425e-05
42567,5610275,5761198,1.0,0.0,0.006259299999999995
35309,4539214,3102109,1.0,1.0,0.0013394000000000045
29105,2457706,5958180,1.0,1.0,0.01706909999999999
45373,5768206,5384785,1.0,2.0,0.009798000000000001
32651,3047608,4287208,1.0,3.0,0.11214179999999999
24876,1065904,3964495,1.0,4.0,0.0003459999999999991
30538,2765867,3362650,1.0,5.0,0.04968750000000001
25378,1729772,1681406,1.0,6.0,0.0814438
34774,4516145,5413353,1.0,7.0,0.0242005
37546,4895529,4693010,1.0,7.0,0.048786599999999986
33396,3932961,3200276,1.0,9.0,0.0331207
31337,2986253,2576473,1.0,10.0,0.0455252
29325,2640926,2173178,1.0,10.0,0.05524129999999999
42711,5638658,1577829,1.0,11.0,0.0447052
38981,5294082,2264014,1.0,12.0,0.013407299999999997
27211,1889444,1126551,1.0,12.0,0.07991050000000001
44521,5648784,5914095,1.0,13.0,0.0637157
