1061708
1095103
1099090
1297128
1297827
1403208
1473477
1539561
1621594
1624599
1740041
1772336
1928639
1968394
2032967
2037725
2063991
2125217
2232498
2376982
2508967
2568237
2756457
2770052
2797166
2810897
2895515
2897096
2913659
2950145
3059649
3127383
3138177
3138927
3148049
3152354
3329043
3352490
3377560
3391743
3431726
3545374
3563791
3810607
3837978
4225382
4256266
4482397
4529814
4795987
4803982
4839202
4849551
4874742
4911286
4990329
5040553
5046142
5122206
5222981
5392615
5400473
5595501
5636339
5655161
5726330
5819417
5820676
5874729
5973733
5983029
6011968
