1013109
1030512
1039962
1047762
1063295
1099656
1102729
1222547
1293870
1331808
1363872
1452937
1511179
1519331
1541388
1562148
1617696
1637573
1655691
1687116
1748565
1766904
1770600
1792650
1802999
1806021
1870084
1879233
1950369
1955404
1955430
1973398
1974285
1980529
2029703
2064496
2080571
2121336
2122763
2188108
2209186
2216749
2260656
2289963
2294566
2312378
2319844
2332056
2335906
2357278
2387241
2407204
2456947
2467679
2482338
2505277
2535858
2586845
2593068
2604564
2608675
2610552
2618327
2652787
2743469
2799075
2808528
2830317
2846328
2858900
2882709
2909435
2910864
2926265
2931899
2947215
2952965
2958638
3000614
3009865
3020451
3029897
3039105
3070055
3120620
3159979
3176312
3216546
3243044
3339456
3432117
3477504
3500676
3521393
3578940
3616210
3630267
3669771
3691246
3701558
3774820
3776270
3834166
3868963
3888504
3931471
3978960
4089431
4123124
4188280
4239411
4241462
4334828
4340869
4349386
4374654
4435049
4489304
4489769
4493654
4505031
4508027
4572984
4575801
4580849
4584350
4587383
4592758
4596683
4632649
4650501
4654492
4661216
4686708
4762916
4763015
4785639
4801566
4870522
4883070
4920046
4925463
4984356
5019810
5058249
5125401
5145495
5167576
5170549
5242242
5265502
5274265
5278777
5288064
5300517
5315104
5329450
5360037
5374436
5382981
5388606
5420100
5488211
5492767
5518822
5519103
5522556
5537106
5574535
5613775
5625537
5665178
5675377
5685904
5706587
5738272
5778188
5787160
5798855
5835925
5867372
5930273
5969443
5969781
5974876
6003075
6009377
6011011
6025364
