1003206
1018646
1026538
1027949
1030177
1032156
1062323
1071382
1080890
1088847
1100930
1121627
1146491
1149754
1158721
1164702
1176468
1176699
1192347
1193560
1202277
1209539
1222921
1231300
1243091
1245332
1262794
1290310
1304020
1306247
1307063
1311675
1314216
1316110
1320002
1328539
1335333
1341255
1341959
1352795
1352820
1352851
1366583
1366913
1377193
1394789
1402610
1406349
1412553
1413436
1436456
1437687
1447292
1453576
1463239
1463593
1477521
1485467
1493725
1513550
1521197
1530892
1538226
1547949
1549803
1562002
1565079
1577963
1587229
1598966
1629635
1633940
1636100
1638303
1643332
1650685
1665656
1672922
1698682
1698743
1700189
1704920
1712462
1716089
1726605
1740606
1747190
1750145
1758512
1771530
1790405
1806086
1806535
1808344
1808639
1810655
1813902
1815662
1818997
1824168
1827575
1829202
1838308
1843281
1871325
1875349
1886793
1889574
1892610
1917659
1961615
1964881
1979078
1980801
1997573
2003597
2010850
2012540
2018508
2020121
2021140
2028833
2032006
2052405
2053888
2056440
2061142
2064663
2070700
2116214
2123172
2125097
2134488
2183534
2198141
2205677
2220936
2242288
2244555
2247573
2254808
2269143
2278162
2292855
2301443
2318107
2328516
2332060
2337886
2364639
2368673
2369312
2370125
2375209
2383227
2404867
2405642
2407367
2431090
2432202
2434136
2435765
2474679
2485816
2499512
2509443
2514387
2514731
2527637
2537729
2551362
2554621
2555833
2560592
2565296
2576003
2578726
2580677
2586537
2586760
2593448
2630052
2630186
2634152
2653976
2664979
2675348
2684885
2700311
2708966
2715748
2718719
2719227
2720992
2735064
2746523
2748769
2752809
2762661
2778928
2781201
2791988
2797811
2819973
2831868
2836287
2856679
2860433
2867272
2869755
2891808
2908570
2917338
2922747
2924741
2928698
2938029
2945799
2960900
2964921
2977479
2988417
2994682
2999880
3013517
3023527
3024749
3027617
3058090
3059896
3077596
3104720
3107116
3108739
3139124
3158334
3171925
3175373
3185151
3218837
3223631
3249321
3249482
3252158
3260054
3260188
3264125
3272069
3282007
3290218
3292893
3294603
3294861
3295439
3302694
3306393
3308649
3311333
3320576
3348088
3354740
3354901
3359406
3368987
3380043
3385418
3390757
3393243
3398112
3416308
3436888
3454774
3456530
3460925
3461597
3474896
3481232
3500035
3505030
3516268
3544762
3556821
3557494
3558096
3564065
3571294
3575371
3587360
3587784
3601975
3613111
3615905
3622012
3622145
3622513
3643766
3645255
3649073
3650555
3654036
3660510
3661932
3665927
3701346
3706931
3718427
3757051
3766732
3768054
3772474
3776975
3786538
3789930
3791118
3791427
3795435
3798513
3803996
3813179
3815682
3818864
3819024
3820241
3823160
3826402
3838290
3855696
3870587
3871627
3876097
3885087
3885557
3887779
3898254
3915780
3916584
3926030
3949319
3957438
3969378
3983485
3990995
3991414
3995413
4026706
4054439
4055502
4076324
4080801
4083416
4088827
4109245
4110150
4145525
4172683
4178912
4182379
4184404
4198947
4200093
4201179
4204716
4221012
4224693
4225127
4263195
4264197
4290509
4305583
4332038
4351482
4357353
4370907
4381952
4393432
4409015
4413831
4415168
4439195
4451871
4452427
4452648
4458836
4464289
4470703
4486478
4490075
4495830
4509019
4513789
4521049
4530657
4537714
4543429
4554481
4554659
4561074
4572711
4578557
4583534
4592923
4596032
4624208
4630263
4651975
4652863
4659154
4659375
4667519
4669212
4678266
4689579
4693992
4696286
4734989
4749820
4763806
4778729
4780157
4783890
4795928
4805823
4808821
4823569
4830107
4833180
4837023
4841539
4849939
4861754
4863248
4871167
4883519
4885099
4904248
4904457
4906642
4917548
4937763
4938175
4941999
4946914
4955331
4961266
4970025
4982167
5005442
5007312
5016493
5019116
5022097
5026450
5032596
5033901
5058903
5072856
5114104
5114822
5128476
5130577
5161107
5174525
5181232
5184132
5193701
5194952
5218129
5218508
5219277
5258244
5268485
5270275
5276425
5280703
5281660
5284615
5284731
5302097
5316213
5321034
5335144
5347983
5378542
5379713
5382666
5387902
5409825
5441022
5461396
5463899
5464037
5464221
5475638
5496701
5500561
5503633
5506166
5517030
5525896
5551513
5563425
5564845
5570429
5572472
5593854
5609213
5638547
5639615
5645375
5648731
5651742
5658546
5662020
5669689
5682080
5683491
5686571
5688687
5702156
5704354
5731682
5733285
5739862
5748753
5760398
5763738
5766903
5769523
5775752
5808824
5809510
5809545
5822555
5827108
5834148
5852213
5862261
5863509
5879736
5893343
5895792
5897551
5913959
5926537
5928758
5955156
5958926
5972019
5972663
5978042
5982418
5990670
5993560
6003011
