1013851
1028265
1030701
1032695
1036189
1037950
1052036
1082938
1094618
1101061
1101553
1128875
1148621
1156445
1162974
1165259
1166310
1181850
1195891
1198359
1218043
1219451
1221064
1240427
1247133
1247541
1249331
1259937
1260045
1267921
1277158
1288437
1290008
1304578
1305066
1315623
1316145
1329407
1334998
1335395
1338921
1343364
1361287
1370829
1388090
1404276
1407528
1407706
1428197
1455280
1462611
1465588
1472796
1484393
1487451
1512432
1513658
1520066
1522940
1527583
1532256
1547518
1551799
1553754
1556630
1558214
1559323
1566670
1567373
1567408
1571942
1577954
1581839
1593716
1595611
1598540
1600206
1603138
1605746
1610942
1611587
1621470
1630854
1636833
1637316
1638389
1640954
1649618
1651324
1668988
1685967
1695098
1713712
1748920
1754260
1757348
1764547
1767068
1769764
1776023
1777726
1790075
1791153
1801625
1832364
1838143
1850691
1862499
1868378
1874998
1876881
1884011
1891879
1893387
1899342
1909572
1914568
1921147
1925762
1934434
1935804
1950777
1953189
1983314
1992095
1997700
2000004
2003639
2006498
2011615
2016787
2056131
2058738
2059126
2061004
2088795
2091609
2104360
2117609
2125988
2127448
2135482
2136834
2138091
2143121
2148989
2164128
2164446
2170743
2170751
2180956
2182529
2186703
2216125
2223175
2250728
2257527
2292968
2293119
2304361
2309256
2311184
2325129
2338953
2339358
2370522
2385863
2389208
2391578
2391898
2393503
2399460
2401753
2411909
2415263
2427549
2429447
2430626
2431340
2433822
2434581
2435662
2437661
2440519
2444466
2472782
2475510
2475522
2479835
2492640
2502580
2514158
2515172
2525754
2532619
2538143
2565469
2565768
2576582
2588488
2610126
2623635
2630780
2631518
2650047
2657027
2668916
2678215
2684733
2687736
2691236
2694068
2699959
2700027
2702089
2704828
2716054
2730927
2734292
2745395
2748406
2749602
2749766
2760857
2787979
2794843
2795873
2799302
2804206
2808829
2809331
2811196
2829117
2839910
2847846
2849121
2852271
2855268
2855614
2856363
2856461
2862509
2877928
2889524
2889833
2918607
2930017
2931177
2932004
2950360
2950967
2953969
2961469
2964377
2980254
2982050
2988823
2991009
2994190
2996839
3006388
3009816
3022546
3023880
3041640
3055745
3071184
3079171
3081140
3082027
3085409
3086300
3087728
3088928
3089045
3106864
3116616
3116850
3123627
3126010
3129452
3163225
3185832
3192767
3199770
3202576
3204739
3225302
3228807
3244519
3245319
3247836
3253962
3266454
3272254
3278009
3280442
3285661
3293639
3301652
3303929
3312051
3316027
3319638
3328080
3331773
3337220
3342884
3344526
3348851
3349343
3356049
3358161
3364361
3367276
3374495
3385776
3400085
3410901
3422490
3430186
3432721
3451589
3458437
3459145
3461051
3466331
3466728
3474871
3490465
3495050
3497127
3500281
3504554
3509772
3512507
3536966
3537818
3553543
3560971
3562411
3562670
3569316
3580536
3584547
3587043
3595404
3603391
3610827
3614337
3617367
3623995
3638657
3638907
3650792
3680408
3683943
3685039
3709839
3711639
3716373
3720108
3726206
3727280
3728620
3729992
3745170
3752693
3765477
3771276
3780333
3782481
3817514
3821152
3822067
3834281
3856475
3870991
3884756
3885890
3886564
3906200
3914498
3933089
3935282
3952185
3954644
3959583
3965680
3982480
3986040
3993775
4002982
4005364
4056826
4058742
4058778
4072830
4106747
4110278
4112094
4114313
4121229
4122728
4125386
4147734
4180183
4184314
4184370
4186091
4201287
4209225
4217414
4217603
4225076
4236931
4259889
4263388
4267099
4272028
4280375
4283532
4298505
4308924
4331227
4342647
4392844
4397623
4398985
4401051
4402678
4422578
4433007
4439299
4442494
4443640
4449907
4450094
4450903
4455912
4463128
4467841
4468724
4470477
4478837
4494932
4497899
4530092
4538661
4549080
4561973
4586539
4601535
4605449
4606200
4622501
4623263
4629343
4641546
4650616
4652404
4653727
4655872
4665379
4675079
4678612
4685100
4688587
4688659
4689280
4692436
4695227
4715449
4724154
4736643
4738812
4745032
4745949
4762060
4784049
4801645
4814796
4818425
4819933
4853905
4860655
4861089
4878931
4883152
4895054
4911037
4913857
4934172
4945315
4947993
4949124
4958947
4970382
4970658
4971392
4999622
5002612
5006975
5015332
5015727
5027708
5030556
5041672
5048843
5052128
5058491
5062955
5063508
5066084
5067331
5070987
5086844
5097534
5098137
5102846
5119220
5135542
5140282
5156754
5166329
5173323
5179457
5206256
5212905
5213499
5214011
5218044
5218368
5220114
5220687
5225816
5231947
5249469
5265308
5269653
5277464
5278452
5286944
5289533
5296604
5312089
5317417
5318697
5323256
5326480
5341409
5343637
5343715
5355385
5361313
5365492
5369948
5396894
5398057
5410822
5418085
5418578
5465958
5474275
5476846
5484654
5485703
5485775
5488359
5493391
5503670
5510750
5511342
5511381
5517205
5533340
5554353
5554869
5565811
5571171
5573394
5575898
5588866
5593950
5594216
5600194
5601504
5614148
5629231
5640543
5663246
5668544
5672321
5681942
5720640
5725672
5748363
5756599
5837255
5837654
5846022
5847345
5854308
5864451
5871157
5880217
5880646
5883780
5890121
5892472
5912040
5928464
5933640
5939156
5940080
5985329
5993426
6007515
6011635
6013414
6021212
