1016127
1059879
1061428
1076084
1081697
1085919
1092380
1094456
1102513
1107791
1110388
1149628
1162206
1162251
1171084
1173926
1175813
1183156
1244005
1264718
1268812
1286826
1287708
1301195
1311883
1327990
1340276
1346008
1357042
1365082
1372308
1408541
1412655
1415188
1415323
1417031
1420011
1464803
1478621
1479283
1501902
1515273
1526353
1540502
1540697
1553431
1562487
1575150
1582586
1600554
1603358
1605600
1608835
1638223
1649346
1678257
1704011
1713336
1713682
1732483
1732993
1742091
1747980
1758331
1773760
1786909
1787058
1788946
1796922
1804231
1805868
1810349
1819044
1840656
1847217
1873111
1892171
1893882
1910181
1924637
1948036
1966198
1984277
1988172
1989979
2032555
2033592
2062291
2063167
2068607
2073789
2100151
2128061
2152934
2164983
2179969
2183903
2184280
2190094
2190257
2196995
2198182
2212731
2219373
2223884
2224269
2250735
2300937
2302507
2317775
2346456
2379771
2408267
2413649
2423308
2429628
2446225
2470421
2478161
2479289
2479781
2483977
2493196
2495016
2501875
2501904
2520122
2537990
2540826
2553819
2563260
2594543
2597481
2616711
2617847
2629479
2640460
2641980
2668281
2673341
2685873
2703279
2707784
2715121
2716529
2729044
2729320
2729521
2746114
2753590
2759352
2784576
2800060
2802122
2840091
2849195
2864126
2878055
2880605
2929902
2944624
2960282
2970992
2979184
2982475
3009705
3013047
3028670
3055166
3055811
3056880
3071379
3075666
3080170
3084976
3089441
3116442
3139963
3150734
3163772
3166197
3172920
3173871
3174091
3187180
3198852
3208094
3215840
3216685
3219707
3223561
3229322
3234734
3238137
3243087
3248483
3280049
3281526
3309968
3310533
3313063
3332931
3355096
3373448
3375557
3381073
3384973
3410685
3414026
3421035
3427863
3439973
3448809
3451142
3456353
3477601
3479449
3488621
3505715
3508630
3518284
3524283
3524353
3527704
3543099
3552665
3562397
3571591
3572427
3603606
3606772
3615357
3621905
3626770
3635400
3642957
3655985
3660064
3669325
3703295
3708038
3714763
3717591
3731007
3746819
3789427
3789774
3790165
3790331
3801628
3803506
3804975
3823657
3860557
3871841
3921302
3923939
3939289
3939683
3941181
3944402
3960309
3966099
3982286
3988307
4001334
4005207
4006921
4017544
4053698
4057298
4057472
4062083
4063788
4097365
4097645
4098885
4137220
4141011
4144747
4148191
4156413
4169809
4184767
4190444
4195845
4206191
4210431
4220383
4242205
4265757
4272663
4282396
4285414
4290047
4293175
4294496
4302092
4314975
4316016
4332780
4333334
4338626
4374890
4399896
4413175
4445044
4446809
4472497
4502682
4518128
4524819
4525305
4544247
4549781
4557318
4572973
4579223
4580740
4594321
4601271
4608655
4616382
4628015
4637395
4637498
4638989
4650519
4651938
4660764
4707618
4714289
4716242
4734012
4739200
4743082
4814325
4815148
4816892
4817775
4819290
4820250
4821647
4821981
4830463
4833435
4834185
4842094
4849603
4849822
4850406
4861283
4879181
4881309
4890383
4912293
4921091
4935993
4951954
4960974
4968819
4988039
4992005
5004507
5025724
5043603
5045355
5052490
5056167
5061224
5063562
5074793
5087685
5088165
5088787
5089124
5118504
5121632
5121916
5134124
5144518
5152822
5221661
5231809
5277072
5281881
5298107
5304761
5316824
5321421
5326729
5336740
5346104
5353107
5356179
5360597
5365466
5366908
5371824
5376917
5388612
5390875
5395309
5404070
5413274
5415204
5416146
5417540
5435628
5445862
5449462
5456729
5460007
5484147
5528812
5542512
5565226
5565838
5569342
5582012
5586955
5595167
5603026
5614096
5615227
5634192
5635775
5643327
5680229
5694423
5703299
5707083
5719722
5724703
5726091
5727590
5729528
5732447
5738333
5757261
5777605
5809981
5821010
5822480
5832901
5842091
5843877
5854185
5854596
5866722
5874463
5883951
5889330
5912536
5913549
5914665
5934744
5942771
5959745
5960822
5982431
6008640
