1027468
1146911
1187581
1293247
1324164
1442385
1450027
1565946
1587348
1617214
1646735
1665418
1681171
1686827
1835915
1864583
1867736
1978426
1992572
2011476
2044235
2058880
2103822
2167003
2194333
2267603
2310988
2328133
2330145
2350009
2371630
2455838
2496795
2502983
2520335
2687977
2813200
2981609
3096879
3175719
3242002
3256545
3311362
3486671
3490308
3508909
3540531
3552399
3554335
3585198
3593665
3596834
3708089
3720327
3735376
3754755
3777281
3819186
3873552
3907372
4032109
4034086
4039441
4171673
4199849
4273204
4323088
4428818
4488393
4519170
4540512
4570743
4724277
4752479
4787568
4894327
4922545
4975271
4978662
5036291
5071367
5103352
5160146
5166177
5168824
5279725
5367325
5395620
5444005
5549731
5621737
5639705
5670829
5679191
5734203
5749984
5797737
5817955
5860390
5873744
5911778
