2595846
5259727
5603756
1204322
3710892
1150832
4022509
2886595
5188907
4052899
2289743
5566613
3578433
5084681
5936992
2336025
3008196
4477607
1716920
3903467
3735445
3064106
3809557
5349117
5177979
3795230
5166971
5812165
5504017
5340768
1113736
5524773
4503305
5345238
4169929
1989261
3061563
1267080
2420734
4256247
2721912
4426311
1830132
5034968
4630735
3182329
5169536
2730097
1437222
4472616
1504071
3153746
1091034
2561462
5051464
2265990
1167235
4429433
3686917
1265910
2395995
2592713
2253327
3364202
2679182
1588123
3980663
5896509
5025966
3332459
2200529
2168873
2147669
4254705
4728765
4179438
3072047
5977363
6018311
4153052
5813544
2520417
