1018392
1019336
1022146
1022455
1050925
1099046
1120345
1169658
1178000
1193677
1236742
1265467
1278527
1351485
1352435
1358499
1415893
1457476
1459857
1504117
1556909
1584752
1625455
1634542
1762601
1763467
1866356
1868782
1975972
2024497
2045038
2046573
2047740
2126549
2180606
2219366
2247970
2325060
2344827
2354223
2431418
2431429
2504499
2526115
2583590
2608318
2700631
2723165
2775542
2807994
2860787
2860793
2995526
2997902
3001606
3070512
3179972
3227886
3375514
3379840
3509506
3518956
3523771
3542575
3616968
3633058
3660631
3689607
3702188
3714800
3752577
3760369
3777200
3795545
3821501
3849139
3888274
3915776
3921672
3947749
3949301
3954565
3985098
4148837
4153484
4173639
4219235
4257592
4353778
4404327
4422199
4469445
4555448
4585242
4642069
4646748
4755890
4766742
4828283
4849744
4864952
4888755
4947016
4978334
4988684
5061140
5065417
5110935
5154213
5199131
5219708
5247181
5255719
5320674
5322901
5336023
5340909
5343410
5413339
5440758
5446154
5462829
5482116
5506464
5572806
5582051
5667396
5715759
5738746
5829000
5853749
5867705
5879118
5893783
5906064
5911801
5915328
5920954
5944894
5977895
5983922
5987208
5997040
