1008848
1036884
1038319
1057101
1064506
1069815
1075664
1082199
1116777
1141585
1147654
1164960
1174703
1209876
1218085
1220436
1226395
1231251
1237814
1249470
1253143
1262239
1302535
1317889
1332373
1335669
1339136
1345647
1348534
1368659
1382304
1383068
1400325
1411448
1416470
1430297
1454171
1487683
1492029
1506823
1508206
1513860
1556146
1559091
1579853
1586755
1587987
1595772
1602350
1605007
1625413
1643993
1681505
1684239
1689228
1692122
1710156
1730365
1736463
1750233
1764674
1769538
1770655
1785040
1787430
1806818
1818053
1824848
1825687
1829768
1832089
1833160
1833983
1835787
1859421
1870548
1873146
1906700
1919827
1987570
2069476
2075215
2089617
2091173
2115519
2148233
2184414
2191156
2212671
2235645
2247550
2247607
2252119
2270380
2319566
2365614
2404758
2408769
2414856
2417463
2419376
2429530
2431327
2437856
2438942
2442022
2446543
2451997
2483783
2491010
2496757
2501320
2529057
2530338
2549789
2560778
2572646
2690482
2699453
2702418
2742543
2751569
2760363
2766362
2771238
2787776
2814976
2837215
2861648
2873820
2874370
2885861
2898076
2938686
2964412
2966402
2969575
2981496
2982160
2990114
2992673
3023272
3031274
3079844
3100388
3115561
3144220
3169617
3213462
3262919
3289981
3305190
3322568
3326245
3347505
3351916
3368575
3373653
3407391
3410169
3415351
3416600
3423052
3426737
3429781
3433710
3465607
3485095
3497835
3520528
3528173
3556317
3598171
3605713
3612810
3632197
3636841
3664443
3670918
3672167
3685204
3694202
3709092
3712244
3721995
3724706
3730184
3745236
3755874
3759567
3770139
3778548
3808926
3825182
3844849
3859973
3860226
3878150
3881647
3919743
3926134
3926273
3940649
3983781
3993106
4017682
4054343
4076981
4099131
4102325
4123593
4148456
4215823
4218247
4240127
4250681
4257995
4260318
4263530
4279712
4280666
4282492
4292543
4315411
4400873
4416985
4456674
4472057
4493514
4496563
4504233
4513074
4531059
4538153
4550210
4558332
4571990
4589452
4596661
4597483
4604699
4615038
4641317
4653231
4654994
4655592
4666293
4668157
4708713
4711616
4743142
4744067
4751545
4784587
4789219
4824953
4825343
4830360
4849927
4867835
4877526
4885423
4906678
4920693
4927675
4929272
4940110
4943277
4968468
4970063
4996021
4997553
5004969
5030008
5052853
5064202
5076061
5141587
5145034
5168118
5182250
5186705
5215289
5228004
5238892
5250040
5269640
5275665
5288444
5297540
5324536
5325124
5346433
5366494
5370719
5370793
5389194
5399520
5412220
5412704
5438495
5471057
5494067
5522948
5567175
5571674
5576614
5579010
5630871
5632026
5642716
5650530
5669123
5701427
5708597
5729779
5750192
5764894
5789692
5791510
5837200
5893255
5938516
5951951
5994799
6019028
6020989
