1012774
1060247
1091594
1140252
1171907
1174527
1190657
1195817
1233389
1270978
1304122
1353150
1353648
1359362
1383249
1470674
1525848
1545554
1607277
1642370
1660526
1672424
1694798
1696942
1730908
1773787
1813026
1846662
1849321
1901144
1926413
1999867
2021437
2038706
2046962
2077269
2109758
2120629
2145631
2223103
2224351
2236165
2260114
2280718
2288520
2314538
2358741
2415667
2448394
2455464
2462312
2507404
2526726
2579286
2602707
2631856
2633774
2635653
2672639
2673091
2706838
2760126
2805685
2819825
2835965
2889511
2930127
2937044
2941303
2956844
2959831
2962748
3017500
3034773
3072073
3144741
3146605
3175486
3273374
3290483
3297014
3316277
3322760
3362390
3417434
3430943
3482391
3544154
3584171
3604881
3614278
3678277
3690763
3733054
3765992
3780099
3795721
3845733
3845879
3884165
3902207
3902635
3959843
3971127
4026560
4040733
4050285
4065140
4093182
4104673
4143165
4149923
4204961
4209263
4254262
4257970
4294368
4309610
4311038
4335690
4372209
4407279
4434631
4443454
4464091
4514338
4529715
4573739
4595985
4598579
4602906
4644281
4647132
4722821
4726145
4755867
4782894
4804917
4812999
4923998
4936204
4975215
5029136
5032825
5037741
5040477
5043318
5050116
5064322
5101910
5104854
5151445
5173726
5183918
5184216
5185572
5199320
5217633
5245881
5264557
5265235
5287359
5358222
5397484
5445292
5480563
5481796
5483103
5498255
5525871
5540268
5554754
5598657
5649063
5652298
5666851
5778153
5789338
5795570
5823359
5848881
5985760
5996504
5999924
