1007602
1020293
1060668
1077927
1086650
1096773
1098580
1101681
1107315
1107405
1119235
1124492
1129926
1147351
1166587
1181641
1220715
1238276
1240998
1245059
1253809
1260724
1278678
1295398
1348823
1364777
1366230
1370469
1373895
1375224
1378131
1411841
1444502
1504820
1509388
1525228
1586017
1586636
1586645
1589528
1590837
1596278
1597208
1623539
1628294
1632991
1647381
1648533
1667928
1681658
1688511
1693398
1695325
1697906
1705908
1710888
1711197
1732016
1819965
1821251
1832530
1836916
1842757
1863333
1865086
1884405
1895281
1899686
1900301
1907788
1918261
1919206
1921904
1932631
1942052
1942523
1950381
1964067
1971863
1973908
1981141
1990120
2004787
2023488
2037748
2044007
2053243
2065626
2073036
2089676
2095071
2101878
2116597
2139020
2149365
2210783
2211465
2294406
2296439
2330079
2344961
2373378
2373525
2375182
2384875
2401814
2416226
2438913
2460079
2460432
2461509
2472961
2498189
2517995
2542692
2558215
2566990
2572217
2576011
2602557
2605075
2625629
2628500
2637624
2648905
2652915
2655083
2655515
2676444
2678189
2700806
2703490
2712297
2732922
2775989
2785082
2789329
2790224
2798840
2822876
2827073
2827839
2829015
2852659
2855220
2858522
2867876
2871156
2871554
2883730
2895655
2902106
2911740
2947240
2985487
2985599
2994712
3006447
3006577
3007071
3010770
3011623
3033159
3034804
3049795
3094018
3099537
3106554
3119819
3160459
3172339
3172418
3179715
3181458
3186660
3199277
3224430
3230955
3233723
3238918
3242346
3243166
3246704
3254525
3263194
3265768
3278164
3282395
3290956
3293975
3297818
3299397
3335076
3336263
3345999
3390969
3423780
3444443
3448746
3480699
3489133
3528496
3540674
3554094
3566519
3569437
3573298
3587924
3596447
3601718
3609574
3627447
3642246
3652783
3683388
3706099
3728606
3734888
3763374
3778160
3781693
3783392
3787713
3789799
3801660
3820117
3820223
3842695
3843245
3850577
3859854
3892184
3898331
3901829
3914099
3921339
3983949
4008165
4029451
4102247
4121606
4148311
4179084
4203054
4214873
4216782
4218546
4271101
4291944
4298573
4328675
4351752
4355407
4378304
4396992
4403808
4446876
4458331
4469461
4488432
4488705
4488877
4498637
4499891
4504627
4504911
4511543
4513697
4520820
4522635
4525182
4543878
4575828
4585471
4586876
4594642
4602371
4617740
4674239
4697234
4702719
4712261
4715543
4717158
4717750
4747961
4774862
4824861
4842882
4861937
4876691
4894937
4910917
4926489
4927787
4960220
4972407
4983026
5013610
5018288
5027435
5037467
5040194
5053236
5053302
5053800
5077587
5093723
5111053
5117033
5129032
5168691
5203664
5216537
5235685
5236837
5268224
5276360
5290689
5295561
5297185
5308674
5318515
5338934
5357310
5357884
5366275
5383255
5385500
5391465
5418491
5422076
5435003
5481503
5497285
5499558
5508634
5516330
5531846
5539622
5558549
5561806
5566832
5566973
5570912
5593137
5596816
5598580
5616882
5664237
5683882
5696908
5698165
5699288
5710179
5714911
5744167
5745136
5748284
5765706
5767557
5783538
5797307
5803380
5807563
5808385
5828374
5832348
5838840
5867006
5901036
5924656
5925091
5962029
5996979
6009468
6022904
