1010454
1061216
1067519
1119540
1123589
1132275
1163429
1250063
1253061
1264476
1293134
1303433
1307485
1319725
1348463
1367516
1381536
1393148
1393997
1430060
1432500
1476555
1504806
1520839
1541261
1558454
1577271
1586203
1606598
1611556
1626534
1637203
1649298
1650197
1651088
1669743
1673353
1692696
1739842
1747138
1757637
1771003
1803800
1815342
1821608
1826054
1839065
1870782
1872254
1873698
1892887
1907016
1908988
1909593
1917455
1920603
1932795
1940154
1963993
1986085
2002547
2032747
2054622
2056147
2077557
2078424
2086620
2092782
2104865
2139085
2149494
2150302
2156378
2185663
2194571
2215928
2222347
2235547
2237999
2238072
2245193
2251595
2308694
2329135
2331300
2336547
2357035
2368191
2376941
2385711
2397517
2414610
2456074
2489966
2503405
2521220
2572392
2577605
2614000
2647454
2663901
2666130
2687654
2690477
2692976
2695974
2742392
2753098
2754748
2770090
2805181
2812879
2835758
2845070
2880053
2885495
2905622
2952722
2960507
2981060
3006541
3016118
3027514
3044405
3064863
3067317
3074833
3075002
3085183
3118319
3139202
3155239
3155345
3173896
3173922
3182347
3186046
3196728
3203466
3211353
3248458
3270467
3271142
3298261
3302956
3373417
3376112
3378943
3389190
3396147
3408198
3451461
3460413
3465032
3540856
3549656
3553305
3559269
3570569
3594745
3596937
3608514
3610160
3625363
3630485
3638403
3642032
3661086
3661720
3674270
3741313
3773752
3783603
3796240
3837618
3842489
3857177
3869433
3913375
3927076
3954283
4050802
4078932
4128443
4132308
4135140
4146142
4175998
4187956
4225139
4292971
4308718
4320731
4331190
4377191
4380976
4384693
4384912
4396600
4399378
4408710
4423781
4441942
4451670
4454185
4459866
4472103
4500441
4511366
4515884
4564759
4568991
4675773
4686851
4687565
4697521
4724885
4727514
4731038
4736589
4746392
4749444
4767354
4774685
4784478
4798240
4817502
4849836
4860099
4869875
4880467
4883296
4892642
4896953
4899795
4913309
4920530
4940319
4941475
4951751
4956278
4962874
4966754
4979994
4999887
5023434
5028713
5051192
5057074
5071401
5078598
5080989
5096213
5117616
5134152
5139790
5156315
5180835
5187166
5190697
5202188
5210698
5243389
5264035
5286821
5298859
5304904
5305441
5326804
5358405
5377854
5392597
5424209
5430542
5450713
5457226
5469019
5516054
5520362
5521693
5563731
5571009
5589624
5615698
5631620
5662107
5666298
5669026
5671500
5684013
5687383
5706358
5768489
5772940
5790458
5793286
5796333
5803956
5810983
5838695
5869685
5879464
5882765
5885647
5894215
5925699
5934506
5997812
6009009
6021403
