1011119
1030719
1034935
1037074
1037790
1056034
1060612
1065959
1068693
1077594
1088152
1089927
1096750
1098532
1102615
1106154
1113514
1115615
1119333
1121051
1126305
1128710
1129692
1138951
1142643
1160217
1164376
1185719
1192141
1213709
1219196
1223356
1225745
1229243
1248831
1249858
1268040
1295742
1298824
1311433
1333712
1337714
1340495
1349700
1359120
1369772
1373620
1375252
1392001
1392875
1394515
1396819
1399288
1399497
1402246
1416081
1423439
1438146
1438426
1445364
1445431
1450096
1459348
1459808
1468547
1471081
1476671
1478815
1484491
1485342
1490543
1492285
1493450
1500365
1500377
1515702
1528995
1530434
1536069
1545907
1561359
1578855
1583997
1590757
1590981
1597286
1613489
1618596
1624618
1629258
1640049
1644834
1656947
1657785
1660773
1672670
1680780
1697429
1700954
1703376
1715061
1721010
1733349
1742382
1745173
1748826
1749101
1750199
1753241
1764443
1766514
1766824
1767221
1773719
1783274
1786976
1798004
1804552
1809547
1811504
1819028
1823487
1825516
1841860
1848987
1856757
1871380
1883685
1884340
1904465
1909322
1911487
1918339
1925605
1955832
1963059
1974031
1976040
1978909
2007785
2023875
2026294
2039392
2044992
2050879
2063917
2092403
2093834
2110316
2111159
2113228
2113984
2123029
2126867
2130723
2131113
2131944
2132822
2137282
2138115
2147386
2150052
2166419
2167121
2169512
2173788
2176408
2186045
2187779
2194891
2201690
2201810
2211194
2215739
2220840
2228986
2243305
2262088
2265773
2277227
2283352
2289706
2291358
2291991
2294494
2307081
2318295
2318773
2330938
2332867
2333786
2336592
2346180
2364877
2365172
2375495
2394672
2402675
2410749
2411455
2417555
2447452
2450739
2467077
2483173
2486922
2492145
2508208
2511245
2517359
2525089
2528744
2534713
2539987
2541622
2543226
2545597
2555445
2558604
2560547
2563272
2563386
2565544
2570135
2577894
2585017
2591558
2620177
2622621
2623951
2644801
2645495
2656813
2658359
2661597
2666543
2673048
2679263
2683571
2683809
2687234
2702906
2709637
2712453
2746075
2746207
2752386
2758028
2789652
2799222
2802989
2804135
2811211
2832468
2839334
2841055
2843061
2848853
2852374
2860182
2864436
2868286
2873561
2882732
2890467
2897868
2905797
2905933
2910695
2912254
2915349
2915564
2915931
2918518
2921498
2936270
2936653
2939274
2944217
2948011
2963119
2965182
2966811
2970697
2981838
2993761
2994062
2995705
2997081
2998567
3013686
3017387
3018571
3021624
3024259
3054254
3059945
3065340
3068042
3069528
3071019
3071852
3079443
3100484
3128315
3130006
3158741
3162288
3163263
3166059
3166685
3171152
3172577
3183062
3188443
3192333
3195139
3211644
3216284
3217140
3224703
3227857
3242324
3243281
3253091
3256583
3259506
3260970
3270300
3275711
3282642
3291545
3301329
3302808
3309108
3326523
3336177
3343291
3349131
3349904
3352840
3358696
3365990
3366084
3369362
3371324
3371721
3382415
3395996
3405906
3407181
3417175
3425109
3426623
3427697
3432460
3433595
3435946
3436334
3437449
3458734
3467144
3468166
3473316
3474840
3479318
3481350
3482857
3495777
3510466
3511933
3520478
3524943
3528281
3530059
3532584
3532658
3543308
3545336
3547982
3558180
3562782
3565599
3576505
3583633
3586648
3587555
3591740
3596565
3605734
3606280
3606971
3608028
3611944
3615738
3617390
3632065
3638723
3643208
3645586
3648236
3652060
3654515
3658373
3667122
3670697
3676886
3677856
3683003
3687891
3699151
3730093
3734018
3743401
3765321
3773825
3781121
3790291
3791166
3792294
3795015
3797287
3799674
3815481
3821659
3827924
3828362
3842467
3862627
3871145
3885439
3892761
3925509
3942939
3986795
3988138
3998452
4006382
4015415
4017322
4020081
4045141
4048010
4049422
4050490
4064299
4068514
4069522
4087368
4091878
4102376
4103151
4103767
4126429
4129360
4130478
4133589
4147778
4159153
4165747
4166864
4172742
4178748
4181424
4190900
4196297
4196496
4198891
4205972
4215569
4218895
4219185
4221841
4226366
4245519
4253506
4255759
4256546
4270804
4285331
4289380
4307642
4310966
4311813
4373779
4388072
4393183
4399424
4414904
4416516
4423531
4430398
4431728
4437192
4439327
4451614
4453419
4453507
4454106
4455656
4457651
4458433
4464962
4475206
4482853
4487395
4494296
4506814
4507304
4527653
4536504
4545132
4556548
4589871
4591716
4594697
4598690
4607463
4614061
4614083
4618675
4631427
4634546
4635176
4637441
4655674
4667062
4688469
4689506
4698670
4698896
4700251
4709448
4714769
4723540
4750567
4760295
4764321
4766054
4774041
4778924
4798528
4814870
4830136
4851104
4856393
4861195
4865334
4894516
4902290
4907677
4907794
4909066
4914327
4918632
4922997
4930471
4932085
4943298
4951361
4952261
4953922
4967545
4973168
4975478
4979484
4979598
4997007
5022318
5024514
5030358
5033391
5035914
5040143
5053937
5055204
5061468
5063774
5071934
5075982
5079580
5089175
5093084
5113924
5119467
5120209
5131153
5139219
5141296
5141641
5143782
5148571
5152611
5159718
5164283
5166793
5191628
5194432
5196266
5209782
5212984
5238215
5255638
5256654
5271551
5289761
5294753
5299443
5303779
5311706
5321081
5335532
5341051
5341859
5343993
5346551
5352290
5359999
5363389
5371072
5373236
5386936
5406446
5410366
5411663
5413725
5420612
5428299
5442569
5445023
5466126
5475701
5516914
5518996
5528456
5534284
5546450
5547390
5549145
5551718
5554619
5556611
5557144
5557716
5566876
5567322
5569554
5583661
5591026
5593482
5618018
5621383
5628106
5636559
5640486
5644814
5677279
5690463
5697218
5701173
5701691
5705298
5721958
5722625
5725601
5730561
5732619
5741683
5741933
5751272
5757222
5772433
5787945
5798709
5803205
5813103
5822664
5839492
5848780
5850750
5860401
5880159
5883687
5887502
5895671
5907906
5912666
5915012
5917568
5920720
5923849
5929692
5938635
5944629
5947758
5958472
5959959
5965064
5968903
5969102
5977808
5992433
6000667
6002517
6013996
6017674
6022676
