1075387
1134097
1157153
1215795
1226634
1328143
1345071
1355903
1365870
1371946
1413077
1413567
1416939
1456439
1458642
1480588
1551514
1606672
1707294
1719454
1731543
1772478
1797652
1837387
1864088
1864472
1892330
1923429
2053156
2056586
2070566
2138076
2148804
2157506
2191974
2216071
2239389
2402988
2478639
2507984
2558399
2589981
2664089
2733732
2753030
2778546
2787447
2848243
2904003
2974161
2997291
3021858
3031725
3057884
3076720
3188412
3220006
3231677
3272291
3303931
3331750
3357293
3374347
3456709
3457071
3513632
3521555
3523643
3557115
3568542
3604601
3619696
3648011
3655207
3814561
3864066
3888484
3961599
3995829
4017057
4160504
4161844
4205325
4323666
4342338
4352094
4363256
4367060
4369897
4413008
4522523
4529740
4559571
4570478
4678771
4708224
4709542
4740737
4792750
4803941
4850359
4888986
4901428
4913041
4956440
4994567
5099266
5099575
5123371
5174313
5202102
5282712
5288039
5296954
5305832
5307733
5328073
5334432
5392911
5394018
5411226
5442158
5511958
5544402
5557983
5559015
5562844
5564034
5565439
5572618
5625392
5662513
5722234
5766718
5777277
5836766
5877139
5926646
5963388
5993794
5994846
6024256
