1112721
1158096
1173942
1268786
1326745
1407288
1450851
1557244
1768058
1899853
2007014
2069319
2164212
2180808
2199932
2206946
2233993
2304189
2409859
2415689
2427648
2439093
2477137
2515237
2572807
2603666
2603770
2621875
2683293
2688424
2694773
2759088
2774794
2888596
3007389
3126539
3146558
3217645
3234683
3367331
3367603
3377641
3523862
3529629
3537361
3557203
3570938
3574669
3593604
3678786
3693351
3722180
3734047
3743926
3767053
3768726
3780947
3818922
3847287
3847984
3896518
3934422
3953407
3993058
4002875
4047107
4133552
4194025
4238364
4446179
4458350
4463554
4537311
4705010
4713730
4754927
4992591
5025817
5047921
5150369
5405409
5415132
5457875
5475744
5591915
5595560
5659775
5676689
5811197
5836409
5838193
5889636
