1028997
1036659
1051967
1110897
1180117
1220292
1259011
1275254
1277640
1410497
1422561
1448280
1524803
1537073
1564948
1814581
1838022
1949895
2013030
2055845
2111225
2229183
2239913
2361776
2447958
2501060
2514747
2602105
2606700
2660288
2680529
2755290
2780044
2900296
2943729
3070971
3170708
3172429
3172979
3196384
3432599
3640499
3665013
3713702
3770970
3773588
3865023
3966112
4028990
4039228
4055235
4126162
4167568
4259625
4274738
4370554
4395200
4486103
4489887
4518945
4531960
4612297
4666588
4693848
4708009
4792792
4830688
4910152
4986694
5004125
5065938
5087987
5158887
5292047
5383001
5427358
5441540
5510627
5688842
5721251
5843696
5905436
5909927
5961488
5983716
