1065904
1068985
1077291
1235906
1245332
1314216
1325177
1328539
1349115
1454171
1558448
1590176
1598540
1599023
1758217
1856223
1922073
1931856
1955430
2091278
2097880
2128767
2149835
2233993
2250728
2253121
2368191
2482522
2491010
2600911
2605075
2679182
2694773
2744056
2875541
2966402
3059896
3181612
3225302
3328080
3354740
3355096
3410445
3442582
3515301
3540531
3540674
3542575
3563791
3596878
3626770
3905069
3949319
4026560
4039600
4183900
4186505
4263195
4265757
4267099
4319867
4323088
4494932
4504094
4521049
4530092
4558229
4585242
4605845
4623263
4663328
4752479
4798146
4824953
4888377
4968468
5074793
5080747
5123371
5316213
5321433
5457226
5480563
5511958
5570429
5593950
5613058
5661058
5681942
5754815
5768206
5915158
5915877
5954463
5971777
5985915
