1061708
1095103
1099090
1297128
1297827
1403208
1473477
1539561
1621594
1624599
1740041
1772336
1928639
1968394
2032967
2037725
2063991
2125217
2232498
2376982
2508967
2568237
2756457
2770052
2797166
2810897
2895515
2897096
2913659
2950145
3059649
3127383
3138177
3138927
3148049
3152354
3329043
3352490
3377560
3391743
3431726
3545374
3563791
3810607
3837978
4225382
4256266
4482397
4529814
4795987
4803982
4839202
4849551
4874742
4911286
4990329
5040553
5046142
5122206
5222981
5392615
5400473
5595501
5636339
5655161
5726330
5819417
5820676
5874729
5973733
5983029
6011968
4587146
2099102
1510150
3131657
2993654
1298811
2926096
3638279
4099312
3273239
1583631
4025435
1697283
2296959
5289586
2627287
1590277
1763554
1536689
4758619
4441913
1934892
2209943
2277963
3477559
3443695
1537730
1628888
2569353
5681786
4262983
2617866
4030089
5852648
2049712
5372135
3421838
2872663
2666689
2960132
2832412
5740315
2222690
3235520
4670003
2469892
3433852
3268621
3817105
5113627
1603455
3527313
4257140
5582335
3731571
4650659
1922073
4283050
5781578
3197243
2113482
2301828
4691675
5730851
5338096
5198154
4093728
1094487
3197187
5782703
2469948
2082572
