1013109
1030512
1039962
1047762
1063295
1099656
1102729
1222547
1293870
1331808
1363872
1452937
1511179
1519331
1541388
1562148
1617696
1637573
1655691
1687116
1748565
1766904
1770600
1792650
1802999
1806021
1870084
1879233
1950369
1955404
1955430
1973398
1974285
1980529
2029703
2064496
2080571
2121336
2122763
2188108
2209186
2216749
2260656
2289963
2294566
2312378
2319844
2332056
2335906
2357278
2387241
2407204
2456947
2467679
2482338
2505277
2535858
2586845
2593068
2604564
2608675
2610552
2618327
2652787
2743469
2799075
2808528
2830317
2846328
2858900
2882709
2909435
2910864
2926265
2931899
2947215
2952965
2958638
3000614
3009865
3020451
3029897
3039105
3070055
3120620
3159979
3176312
3216546
3243044
3339456
3432117
3477504
3500676
3521393
3578940
3616210
3630267
3669771
3691246
3701558
3774820
3776270
3834166
3868963
3888504
3931471
3978960
4089431
4123124
4188280
4239411
4241462
4334828
4340869
4349386
4374654
4435049
4489304
4489769
4493654
4505031
4508027
4572984
4575801
4580849
4584350
4587383
4592758
4596683
4632649
4650501
4654492
4661216
4686708
4762916
4763015
4785639
4801566
4870522
4883070
4920046
4925463
4984356
5019810
5058249
5125401
5145495
5167576
5170549
5242242
5265502
5274265
5278777
5288064
5300517
5315104
5329450
5360037
5374436
5382981
5388606
5420100
5488211
5492767
5518822
5519103
5522556
5537106
5574535
5613775
5625537
5665178
5675377
5685904
5706587
5738272
5778188
5787160
5798855
5835925
5867372
5930273
5969443
5969781
5974876
6003075
6009377
6011011
6025364
5472516
4131463
1980115
1765130
1668953
5287485
3184150
2936816
1134130
4755889
1054195
5885132
4072360
5989229
1266739
3246050
3736401
4318583
3561415
5871855
3979929
3290919
2232083
1952414
2166053
4194550
1435956
4106729
1345472
3892595
5896608
2182468
4234457
2291167
5644250
4033977
4027010
4480462
4060175
5489393
3558757
4554361
1879581
5076022
1571109
3226700
1967517
3920465
4092847
1106040
2787186
1286541
1808199
3119267
2822918
4022864
2528000
1699585
5859560
3290740
4531363
1558841
3954754
4875953
5730851
3822559
5646706
4052858
1398055
1812976
1831785
3140242
3175822
2175658
3584769
5064665
4302896
4075960
5175134
5514817
5091948
5288389
1514840
1931164
2020672
1876258
1315152
4600926
4770123
1293862
2464194
4349404
2873444
3135725
5384866
1861845
1928344
4294965
3073090
5545848
1671875
4102410
3809803
5644113
1361588
5632104
4760174
5030374
3501036
4436640
5032244
4023660
3160416
1738326
1597020
4751071
5733759
5650003
4090244
5124292
5056070
3994259
4582468
5278961
1872728
4093097
3203170
5205453
1634372
1172415
3099646
1969109
5099694
1937408
5529824
4004540
5081313
3650448
2663247
3671210
3009328
3957741
3642531
5168269
4190522
3647202
4095525
4516569
2562391
3335377
1512393
1911444
4693863
4289332
2628911
2668306
2466359
5883353
5086290
2388164
4079116
3234933
5746397
2522028
4163758
2075892
4523452
2880241
2568047
3114077
2440103
2972976
1969216
1788898
5106485
5573415
3526350
1368095
3942177
2641698
2378703
1203625
3729185
1638428
2263351
4478493
5162112
4567541
3492917
