1003206
1018646
1026538
1027949
1030177
1032156
1062323
1071382
1080890
1088847
1100930
1121627
1146491
1149754
1158721
1164702
1176468
1176699
1192347
1193560
1202277
1209539
1222921
1231300
1243091
1245332
1262794
1290310
1304020
1306247
1307063
1311675
1314216
1316110
1320002
1328539
1335333
1341255
1341959
1352795
1352820
1352851
1366583
1366913
1377193
1394789
1402610
1406349
1412553
1413436
1436456
1437687
1447292
1453576
1463239
1463593
1477521
1485467
1493725
1513550
1521197
1530892
1538226
1547949
1549803
1562002
1565079
1577963
1587229
1598966
1629635
1633940
1636100
1638303
1643332
1650685
1665656
1672922
1698682
1698743
1700189
1704920
1712462
1716089
1726605
1740606
1747190
1750145
1758512
1771530
1790405
1806086
1806535
1808344
1808639
1810655
1813902
1815662
1818997
1824168
1827575
1829202
1838308
1843281
1871325
1875349
1886793
1889574
1892610
1917659
1961615
1964881
1979078
1980801
1997573
2003597
2010850
2012540
2018508
2020121
2021140
2028833
2032006
2052405
2053888
2056440
2061142
2064663
2070700
2116214
2123172
2125097
2134488
2183534
2198141
2205677
2220936
2242288
2244555
2247573
2254808
2269143
2278162
2292855
2301443
2318107
2328516
2332060
2337886
2364639
2368673
2369312
2370125
2375209
2383227
2404867
2405642
2407367
2431090
2432202
2434136
2435765
2474679
2485816
2499512
2509443
2514387
2514731
2527637
2537729
2551362
2554621
2555833
2560592
2565296
2576003
2578726
2580677
2586537
2586760
2593448
2630052
2630186
2634152
2653976
2664979
2675348
2684885
2700311
2708966
2715748
2718719
2719227
2720992
2735064
2746523
2748769
2752809
2762661
2778928
2781201
2791988
2797811
2819973
2831868
2836287
2856679
2860433
2867272
2869755
2891808
2908570
2917338
2922747
2924741
2928698
2938029
2945799
2960900
2964921
2977479
2988417
2994682
2999880
3013517
3023527
3024749
3027617
3058090
3059896
3077596
3104720
3107116
3108739
3139124
3158334
3171925
3175373
3185151
3218837
3223631
3249321
3249482
3252158
3260054
3260188
3264125
3272069
3282007
3290218
3292893
3294603
3294861
3295439
3302694
3306393
3308649
3311333
3320576
3348088
3354740
3354901
3359406
3368987
3380043
3385418
3390757
3393243
3398112
3416308
3436888
3454774
3456530
3460925
3461597
3474896
3481232
3500035
3505030
3516268
3544762
3556821
3557494
3558096
3564065
3571294
3575371
3587360
3587784
3601975
3613111
3615905
3622012
3622145
3622513
3643766
3645255
3649073
3650555
3654036
3660510
3661932
3665927
3701346
3706931
3718427
3757051
3766732
3768054
3772474
3776975
3786538
3789930
3791118
3791427
3795435
3798513
3803996
3813179
3815682
3818864
3819024
3820241
3823160
3826402
3838290
3855696
3870587
3871627
3876097
3885087
3885557
3887779
3898254
3915780
3916584
3926030
3949319
3957438
3969378
3983485
3990995
3991414
3995413
4026706
4054439
4055502
4076324
4080801
4083416
4088827
4109245
4110150
4145525
4172683
4178912
4182379
4184404
4198947
4200093
4201179
4204716
4221012
4224693
4225127
4263195
4264197
4290509
4305583
4332038
4351482
4357353
4370907
4381952
4393432
4409015
4413831
4415168
4439195
4451871
4452427
4452648
4458836
4464289
4470703
4486478
4490075
4495830
4509019
4513789
4521049
4530657
4537714
4543429
4554481
4554659
4561074
4572711
4578557
4583534
4592923
4596032
4624208
4630263
4651975
4652863
4659154
4659375
4667519
4669212
4678266
4689579
4693992
4696286
4734989
4749820
4763806
4778729
4780157
4783890
4795928
4805823
4808821
4823569
4830107
4833180
4837023
4841539
4849939
4861754
4863248
4871167
4883519
4885099
4904248
4904457
4906642
4917548
4937763
4938175
4941999
4946914
4955331
4961266
4970025
4982167
5005442
5007312
5016493
5019116
5022097
5026450
5032596
5033901
5058903
5072856
5114104
5114822
5128476
5130577
5161107
5174525
5181232
5184132
5193701
5194952
5218129
5218508
5219277
5258244
5268485
5270275
5276425
5280703
5281660
5284615
5284731
5302097
5316213
5321034
5335144
5347983
5378542
5379713
5382666
5387902
5409825
5441022
5461396
5463899
5464037
5464221
5475638
5496701
5500561
5503633
5506166
5517030
5525896
5551513
5563425
5564845
5570429
5572472
5593854
5609213
5638547
5639615
5645375
5648731
5651742
5658546
5662020
5669689
5682080
5683491
5686571
5688687
5702156
5704354
5731682
5733285
5739862
5748753
5760398
5763738
5766903
5769523
5775752
5808824
5809510
5809545
5822555
5827108
5834148
5852213
5862261
5863509
5879736
5893343
5895792
5897551
5913959
5926537
5928758
5955156
5958926
5972019
5972663
5978042
5982418
5990670
5993560
6003011
4434721
3521360
3447989
1974509
3420807
4950401
1236443
2611071
5596773
3673506
1199262
2953762
2288744
5127655
1183193
1631813
1821907
5781161
3182836
1371214
3010117
3650705
5643236
4738096
5716503
5846848
2472554
2096240
2641737
3777923
3041639
4236854
2401612
1546956
1718203
1265135
1589544
5496939
3407218
4007944
4587057
3691443
2998231
3473304
1025621
3427973
4170972
4387206
3377794
3924094
4721055
5326328
4475608
1447685
1075085
2308919
5565234
2018234
2536427
4551819
1999617
3047187
1203736
3835194
5651102
2782145
4427754
5976908
4528678
5435619
2594318
2879850
3878549
5734610
4171820
4611576
1774079
2303982
1450444
1376543
5387165
5823674
5317597
2430260
4817112
3696268
4821545
3513889
1940629
2687867
3656246
2999272
3716104
5078207
2286153
1501414
4756789
5590797
2010785
2816871
2225201
5563158
2394559
4351386
4918028
5191897
4203127
4179403
2653296
2790801
3690339
3483876
1969629
5658987
2332852
3245938
1511465
3024352
4878992
3909503
3191020
1909103
4515866
5308437
3756226
1879491
1060169
3917266
3250439
5128037
4506205
1843824
4040154
1502065
5789618
4782631
1928578
1021038
2206578
2182171
5487419
1783236
1079083
2253396
1365567
2731663
3335080
5740906
2151290
5390852
4603452
4772580
3918638
1828495
3568823
3984649
4577730
3359479
2950526
3007629
1820555
3121708
5451130
3086101
4115077
1741885
4352898
1333706
2855467
2103081
4526930
2462001
2717030
4034630
4032749
3536613
3682888
3517159
3182719
4999531
2024361
3983645
4971130
2326848
5648094
3801429
5316281
1105637
3896377
5783956
5917793
1534748
5045621
1749759
2405571
3749948
3360484
5700915
1156436
4169058
4420415
3723852
3567891
4545583
4361568
4873591
4882433
2297924
4699598
1312205
5819750
2182610
1970044
1870999
5341257
2811275
2646415
3220747
4742918
4386638
4970584
3763138
4510573
1141291
4679362
2501440
4016775
6019586
5803247
3064362
5264192
2702530
1307995
5556638
3320765
4201219
1222683
4298860
2530096
3045636
4695665
2422960
3269994
3400578
3298672
4875069
2804907
3921780
4483842
4199589
3479845
3580795
5614053
2109609
5164003
1706384
1551471
5015250
1665089
2585188
1730699
3890804
1757407
3893851
5024691
1460704
1534951
1467180
2246637
4311920
5324298
4606625
5957076
4159275
2140217
1568065
4208501
4585745
5680461
5955815
3832123
5427743
1651002
2117680
3369423
2693836
2594263
2668129
3104677
4137827
3688270
4568253
1823375
1781663
1524691
4347701
1087258
3070568
4251725
2481860
1206974
1915351
5421631
5506982
2488354
2132883
5387964
5411803
4440524
2508859
5077976
4199546
1962260
4770719
1291578
3884392
1686220
3759589
3790964
5490021
5754839
5434036
3741279
2116295
2645689
3341274
3115647
4375642
5862170
1417591
4690406
3983275
2107246
3188451
1302917
3063039
4732307
5782703
4064878
1286628
3910319
2558706
2057542
1985189
3759474
2101530
5792674
1613073
2434448
5817733
3932686
3076616
4961458
4151320
3815706
1814615
3189037
4167421
4918464
4017227
1339161
2408048
1625336
3685109
1570739
1140188
2295543
4368268
3510800
4416504
1943294
3064112
2341099
2353947
3814981
2480780
4511217
1552490
1895758
5275560
4762562
2493622
5828847
3186897
2238226
4754551
2166770
3662258
1639783
5393995
2699707
3703938
4876368
2097789
2568945
4749401
4813577
5302078
5282519
5222204
1344727
2924983
3101742
3542503
1763695
1991826
1446443
5995201
3347856
5436025
4613978
2210226
4396891
3147565
5712358
5071125
5691084
1811473
3775829
1448069
3560276
1709770
5383586
2920234
3629899
5321384
2627775
4076692
3817226
3250514
3598290
3323152
5113012
1277773
2037780
3494037
5673250
1841341
2076085
2451311
1495510
3871480
4476643
3826312
3937498
5053353
2717229
5438807
3952235
1505829
3114134
5620352
1070274
3073114
2794472
4308602
3917546
3271483
5499955
3776865
5421770
1997860
3693200
5448556
1573183
2745571
3821873
3606883
3775779
4335964
1880593
1576386
5453929
2941163
1884748
4631415
4423304
3066188
4988786
4329190
1436647
2141105
5148984
4147661
1065654
3005540
1498989
2807003
1916931
2190037
5467017
4409981
5392877
4260414
1261327
3184707
5206790
2849516
5147328
2055701
5022177
2351097
4722273
1763517
2516247
5834684
5728141
3755470
5452575
3630091
5645926
2943750
3255218
1740886
5768910
3227808
4948081
4414562
3834312
1296787
1861728
1184479
3116698
2531455
4879016
5127746
4427492
2100010
3730959
6016919
2828234
5973180
4755654
4624249
5905410
5358195
2903325
2536278
5773070
5627597
3309364
2172724
4541200
4418304
3385943
2823612
3580618
1216336
3690024
5346719
1218578
5324088
4750407
1474346
