1013851
1028265
1030701
1032695
1036189
1037950
1052036
1082938
1094618
1101061
1101553
1128875
1148621
1156445
1162974
1165259
1166310
1181850
1195891
1198359
1218043
1219451
1221064
1240427
1247133
1247541
1249331
1259937
1260045
1267921
1277158
1288437
1290008
1304578
1305066
1315623
1316145
1329407
1334998
1335395
1338921
1343364
1361287
1370829
1388090
1404276
1407528
1407706
1428197
1455280
1462611
1465588
1472796
1484393
1487451
1512432
1513658
1520066
1522940
1527583
1532256
1547518
1551799
1553754
1556630
1558214
1559323
1566670
1567373
1567408
1571942
1577954
1581839
1593716
1595611
1598540
1600206
1603138
1605746
1610942
1611587
1621470
1630854
1636833
1637316
1638389
1640954
1649618
1651324
1668988
1685967
1695098
1713712
1748920
1754260
1757348
1764547
1767068
1769764
1776023
1777726
1790075
1791153
1801625
1832364
1838143
1850691
1862499
1868378
1874998
1876881
1884011
1891879
1893387
1899342
1909572
1914568
1921147
1925762
1934434
1935804
1950777
1953189
1983314
1992095
1997700
2000004
2003639
2006498
2011615
2016787
2056131
2058738
2059126
2061004
2088795
2091609
2104360
2117609
2125988
2127448
2135482
2136834
2138091
2143121
2148989
2164128
2164446
2170743
2170751
2180956
2182529
2186703
2216125
2223175
2250728
2257527
2292968
2293119
2304361
2309256
2311184
2325129
2338953
2339358
2370522
2385863
2389208
2391578
2391898
2393503
2399460
2401753
2411909
2415263
2427549
2429447
2430626
2431340
2433822
2434581
2435662
2437661
2440519
2444466
2472782
2475510
2475522
2479835
2492640
2502580
2514158
2515172
2525754
2532619
2538143
2565469
2565768
2576582
2588488
2610126
2623635
2630780
2631518
2650047
2657027
2668916
2678215
2684733
2687736
2691236
2694068
2699959
2700027
2702089
2704828
2716054
2730927
2734292
2745395
2748406
2749602
2749766
2760857
2787979
2794843
2795873
2799302
2804206
2808829
2809331
2811196
2829117
2839910
2847846
2849121
2852271
2855268
2855614
2856363
2856461
2862509
2877928
2889524
2889833
2918607
2930017
2931177
2932004
2950360
2950967
2953969
2961469
2964377
2980254
2982050
2988823
2991009
2994190
2996839
3006388
3009816
3022546
3023880
3041640
3055745
3071184
3079171
3081140
3082027
3085409
3086300
3087728
3088928
3089045
3106864
3116616
3116850
3123627
3126010
3129452
3163225
3185832
3192767
3199770
3202576
3204739
3225302
3228807
3244519
3245319
3247836
3253962
3266454
3272254
3278009
3280442
3285661
3293639
3301652
3303929
3312051
3316027
3319638
3328080
3331773
3337220
3342884
3344526
3348851
3349343
3356049
3358161
3364361
3367276
3374495
3385776
3400085
3410901
3422490
3430186
3432721
3451589
3458437
3459145
3461051
3466331
3466728
3474871
3490465
3495050
3497127
3500281
3504554
3509772
3512507
3536966
3537818
3553543
3560971
3562411
3562670
3569316
3580536
3584547
3587043
3595404
3603391
3610827
3614337
3617367
3623995
3638657
3638907
3650792
3680408
3683943
3685039
3709839
3711639
3716373
3720108
3726206
3727280
3728620
3729992
3745170
3752693
3765477
3771276
3780333
3782481
3817514
3821152
3822067
3834281
3856475
3870991
3884756
3885890
3886564
3906200
3914498
3933089
3935282
3952185
3954644
3959583
3965680
3982480
3986040
3993775
4002982
4005364
4056826
4058742
4058778
4072830
4106747
4110278
4112094
4114313
4121229
4122728
4125386
4147734
4180183
4184314
4184370
4186091
4201287
4209225
4217414
4217603
4225076
4236931
4259889
4263388
4267099
4272028
4280375
4283532
4298505
4308924
4331227
4342647
4392844
4397623
4398985
4401051
4402678
4422578
4433007
4439299
4442494
4443640
4449907
4450094
4450903
4455912
4463128
4467841
4468724
4470477
4478837
4494932
4497899
4530092
4538661
4549080
4561973
4586539
4601535
4605449
4606200
4622501
4623263
4629343
4641546
4650616
4652404
4653727
4655872
4665379
4675079
4678612
4685100
4688587
4688659
4689280
4692436
4695227
4715449
4724154
4736643
4738812
4745032
4745949
4762060
4784049
4801645
4814796
4818425
4819933
4853905
4860655
4861089
4878931
4883152
4895054
4911037
4913857
4934172
4945315
4947993
4949124
4958947
4970382
4970658
4971392
4999622
5002612
5006975
5015332
5015727
5027708
5030556
5041672
5048843
5052128
5058491
5062955
5063508
5066084
5067331
5070987
5086844
5097534
5098137
5102846
5119220
5135542
5140282
5156754
5166329
5173323
5179457
5206256
5212905
5213499
5214011
5218044
5218368
5220114
5220687
5225816
5231947
5249469
5265308
5269653
5277464
5278452
5286944
5289533
5296604
5312089
5317417
5318697
5323256
5326480
5341409
5343637
5343715
5355385
5361313
5365492
5369948
5396894
5398057
5410822
5418085
5418578
5465958
5474275
5476846
5484654
5485703
5485775
5488359
5493391
5503670
5510750
5511342
5511381
5517205
5533340
5554353
5554869
5565811
5571171
5573394
5575898
5588866
5593950
5594216
5600194
5601504
5614148
5629231
5640543
5663246
5668544
5672321
5681942
5720640
5725672
5748363
5756599
5837255
5837654
5846022
5847345
5854308
5864451
5871157
5880217
5880646
5883780
5890121
5892472
5912040
5928464
5933640
5939156
5940080
5985329
5993426
6007515
6011635
6013414
6021212
2205587
4725240
4307596
4655860
4226123
2211966
5598193
1998027
4180286
5824621
3486924
1419536
2339785
1089787
2097308
3466988
4762663
1065281
5361716
1496271
5437643
4603945
1763576
5952497
4392835
2841254
2942211
2890334
2708386
3761901
2690891
2216894
1247598
2165956
5221828
4492812
2633028
3860923
2095955
4023598
2608034
1163447
2762531
3822693
4350959
3962674
4972142
2574105
3302538
4974536
4954713
4569130
2105313
5918292
1916876
1071203
4604860
2932391
5758866
1480333
5002590
3611082
3313188
2469095
2198078
5288117
2959698
4454333
1191218
1282807
4752529
5677999
2721732
2105452
1697504
3007352
5293985
5532156
4243185
5021098
3815271
5176088
2764347
1452133
5473704
2270309
2793074
5416307
1882588
1227698
1412905
3969614
1026814
2426183
2775823
3124953
2295408
5561338
4378781
2338964
5606284
1138577
3418985
2578365
3094193
4550157
5177906
3052443
1530253
1219203
5055507
4550619
1242513
3141515
1842684
3813465
1175405
3167986
1249280
5487806
4934554
5001384
1274661
1775268
3820444
2000113
2517494
3559867
3283739
4982866
5947471
4332011
4365361
5089469
5657408
5369442
5750710
4006835
2172596
4201007
3647008
1601004
4028597
3094563
3819299
4152334
3565926
4051250
4471619
4886186
6005375
5011386
3886596
4884200
5100110
5903962
2162463
1826566
3993293
4457436
2533974
1759442
2200196
5475927
3005746
2743227
3806134
3632030
5734573
2633890
5828604
5289676
5177157
4739609
1510173
5479100
4774229
1968044
2807327
2043650
4319774
1616838
1509170
1073385
1936084
5341480
2692785
4317203
4323132
5216055
5231527
3379452
2822848
3059614
2869017
1922657
1699624
3043524
1660262
5144674
1203632
2963243
1286504
3324570
5498803
2055874
1251861
5897971
5719044
4966994
4902196
1560776
2062104
3011659
3296571
3348125
2872875
4840875
4690102
2378022
2406186
1729276
5405898
1756801
5751151
3585689
5086949
3453706
1757266
4883383
1037143
3967743
2360287
5264923
2534573
2205560
2055988
5744434
4991226
1923090
1667637
5860913
2607181
5311544
2873507
2893478
3071691
4032117
4487854
5206314
4312665
1893898
2427402
4990915
2931329
3448817
3376272
1878382
1438785
4862980
1109366
5725725
1998389
4947030
3587262
6000305
3850968
1635999
2326314
4983760
5904424
4787104
2504524
1785605
4656611
4579109
1199214
3133125
5940211
5553197
5409697
2374054
2250971
2205008
3850222
3162167
4345448
5518551
3247177
5919697
4777228
3844546
3383456
3334431
5609508
1167293
5040083
4533481
3017653
4901837
1482095
5724459
1354751
5085644
5199736
3786098
4087846
5689686
1954508
4176256
4106301
1266197
4695866
4716343
4850224
4183618
5813572
1781427
3002331
1241244
1250275
5548091
3074169
3444398
1185347
3960004
3445719
3148095
4453721
1900640
1906658
4401859
3587476
4291155
5287238
5745286
2927985
4865047
3586184
1333616
4694493
2570853
1861579
3532139
2163115
5271988
4622358
4669798
5140812
5518462
5135903
1253498
4728212
4555882
5770662
3223708
5772719
2248390
3253437
1239560
4330282
3354685
1194440
5583645
2196437
1011403
5999356
5224062
3860680
3653806
3322104
4457445
3061657
5631332
2136516
2481479
1009065
2742449
1819184
4168231
1973025
1897925
2470760
5707553
1001768
4058289
1407033
4434536
5046972
2854107
2168057
3966333
1451925
2763262
2763773
5351868
5071311
2694295
5679064
5950973
5656621
4951866
2651524
5227495
5121745
2293073
2632934
1745379
4990232
2258006
3046594
1023209
2748607
5454493
1247388
3463919
5317454
3774650
1882441
2616058
5874270
2131753
1110906
4385819
5670358
4673904
1329317
1988005
3156882
4421441
1305608
5795242
3984704
1081256
4338832
2498743
3124209
3764965
1495812
3509883
4747119
1202522
3160357
5528460
3144326
3654588
5402015
4130779
5551319
1995128
3824726
1722110
3374232
3116095
5152756
2427200
1791171
4748173
4350440
5233505
2366474
5747116
1462638
5487762
2227460
2732657
4841711
5563841
3924990
2547329
3377932
2062667
2641400
5150101
1736136
4859601
3713391
4114031
3339885
5158341
3892402
1541149
2507287
3004710
4584585
3588010
4387532
2595824
3515903
3411561
4794313
4611974
1596838
4654834
1610820
1906211
3149232
3170375
2548857
5452380
2016182
5794940
1525260
1570589
4825255
5911683
4398003
2950877
4496438
2575854
2266212
5974045
3852934
3597770
5839052
4931992
3830554
1786829
5382027
5169176
1701344
4523424
3077502
3862107
5387537
2070844
1437523
2084747
3485049
2670680
3977263
5504584
5191920
4367761
5378145
1952902
1937537
3216169
3191597
2413411
2323233
1068371
5905284
2007850
1877027
3632113
1041814
1203093
5388796
4047262
5304184
4143078
4667805
5410373
2449493
5485106
2974221
3438205
2534203
1937449
2009243
5530263
1815294
4342071
5415493
2991636
1125139
1030248
5748100
5035341
4598329
3950829
5453022
2145352
5495734
5056455
3573522
5111176
1495650
2106814
4347209
5073581
2890864
1437245
3618573
4990097
2828691
1290587
4542193
4989707
5384426
1815355
5100500
4209899
5919947
2912964
5984267
5433647
2364463
5438667
5497381
2056508
3759637
4979776
2064758
3189393
1368884
2169232
3860105
3193077
1681054
1065105
5790284
5310419
3054081
4954584
5182436
1487933
5219230
3229873
5773374
