1016127
1059879
1061428
1076084
1081697
1085919
1092380
1094456
1102513
1107791
1110388
1149628
1162206
1162251
1171084
1173926
1175813
1183156
1244005
1264718
1268812
1286826
1287708
1301195
1311883
1327990
1340276
1346008
1357042
1365082
1372308
1408541
1412655
1415188
1415323
1417031
1420011
1464803
1478621
1479283
1501902
1515273
1526353
1540502
1540697
1553431
1562487
1575150
1582586
1600554
1603358
1605600
1608835
1638223
1649346
1678257
1704011
1713336
1713682
1732483
1732993
1742091
1747980
1758331
1773760
1786909
1787058
1788946
1796922
1804231
1805868
1810349
1819044
1840656
1847217
1873111
1892171
1893882
1910181
1924637
1948036
1966198
1984277
1988172
1989979
2032555
2033592
2062291
2063167
2068607
2073789
2100151
2128061
2152934
2164983
2179969
2183903
2184280
2190094
2190257
2196995
2198182
2212731
2219373
2223884
2224269
2250735
2300937
2302507
2317775
2346456
2379771
2408267
2413649
2423308
2429628
2446225
2470421
2478161
2479289
2479781
2483977
2493196
2495016
2501875
2501904
2520122
2537990
2540826
2553819
2563260
2594543
2597481
2616711
2617847
2629479
2640460
2641980
2668281
2673341
2685873
2703279
2707784
2715121
2716529
2729044
2729320
2729521
2746114
2753590
2759352
2784576
2800060
2802122
2840091
2849195
2864126
2878055
2880605
2929902
2944624
2960282
2970992
2979184
2982475
3009705
3013047
3028670
3055166
3055811
3056880
3071379
3075666
3080170
3084976
3089441
3116442
3139963
3150734
3163772
3166197
3172920
3173871
3174091
3187180
3198852
3208094
3215840
3216685
3219707
3223561
3229322
3234734
3238137
3243087
3248483
3280049
3281526
3309968
3310533
3313063
3332931
3355096
3373448
3375557
3381073
3384973
3410685
3414026
3421035
3427863
3439973
3448809
3451142
3456353
3477601
3479449
3488621
3505715
3508630
3518284
3524283
3524353
3527704
3543099
3552665
3562397
3571591
3572427
3603606
3606772
3615357
3621905
3626770
3635400
3642957
3655985
3660064
3669325
3703295
3708038
3714763
3717591
3731007
3746819
3789427
3789774
3790165
3790331
3801628
3803506
3804975
3823657
3860557
3871841
3921302
3923939
3939289
3939683
3941181
3944402
3960309
3966099
3982286
3988307
4001334
4005207
4006921
4017544
4053698
4057298
4057472
4062083
4063788
4097365
4097645
4098885
4137220
4141011
4144747
4148191
4156413
4169809
4184767
4190444
4195845
4206191
4210431
4220383
4242205
4265757
4272663
4282396
4285414
4290047
4293175
4294496
4302092
4314975
4316016
4332780
4333334
4338626
4374890
4399896
4413175
4445044
4446809
4472497
4502682
4518128
4524819
4525305
4544247
4549781
4557318
4572973
4579223
4580740
4594321
4601271
4608655
4616382
4628015
4637395
4637498
4638989
4650519
4651938
4660764
4707618
4714289
4716242
4734012
4739200
4743082
4814325
4815148
4816892
4817775
4819290
4820250
4821647
4821981
4830463
4833435
4834185
4842094
4849603
4849822
4850406
4861283
4879181
4881309
4890383
4912293
4921091
4935993
4951954
4960974
4968819
4988039
4992005
5004507
5025724
5043603
5045355
5052490
5056167
5061224
5063562
5074793
5087685
5088165
5088787
5089124
5118504
5121632
5121916
5134124
5144518
5152822
5221661
5231809
5277072
5281881
5298107
5304761
5316824
5321421
5326729
5336740
5346104
5353107
5356179
5360597
5365466
5366908
5371824
5376917
5388612
5390875
5395309
5404070
5413274
5415204
5416146
5417540
5435628
5445862
5449462
5456729
5460007
5484147
5528812
5542512
5565226
5565838
5569342
5582012
5586955
5595167
5603026
5614096
5615227
5634192
5635775
5643327
5680229
5694423
5703299
5707083
5719722
5724703
5726091
5727590
5729528
5732447
5738333
5757261
5777605
5809981
5821010
5822480
5832901
5842091
5843877
5854185
5854596
5866722
5874463
5883951
5889330
5912536
5913549
5914665
5934744
5942771
5959745
5960822
5982431
6008640
5353534
4175056
1901759
4431858
1613237
2675651
5394896
3714315
4546963
2110164
2418321
5562025
2067154
1469841
5004444
2328405
2148877
1860017
5287304
4184179
5636396
5118245
4155282
1120779
2595508
1164458
3400946
1607375
2472936
3193620
4912918
3235845
3119674
5248638
5578620
3025240
4685589
4630069
4933828
1910332
1128941
4637600
4517570
3470213
5334882
3924085
2930080
1589014
2452164
3311074
4039185
1371476
3163744
4704852
1847433
2005799
3576140
1361430
2134890
1350628
3337798
4353412
2901491
2922360
2162344
1956089
2474685
1926111
2113244
1926033
3471370
5049941
4371445
1079752
1273839
6000159
5342287
1882083
5752555
3086156
3913900
5067793
1148910
3925621
3922062
2008327
1463310
3369349
2847889
5147208
2629420
5344577
1870910
3065800
3828863
3375394
5150397
4813302
2298809
5916509
4313927
1738591
3992363
4204438
1943047
4172734
1139475
1239146
3306671
3779245
3211195
3911092
3291522
2404385
5132631
2509275
5629788
1799287
5640263
3912941
2179390
2499408
4027540
5279504
4824081
3302410
1529946
3162682
2745929
5827492
3221313
2445443
1511235
3657928
4437278
3987024
4777752
2532717
2300897
3298754
2976273
5246365
2668977
5948983
4748977
5698449
2756579
2876742
2181493
5556384
1772288
2501281
2244671
2328656
1915056
4407657
1931797
5072658
2925987
3440040
3176722
1517577
5849554
2225891
2074352
5220302
4846978
3216247
3072853
2910050
5066839
5530457
2294531
1146990
1915402
3817105
1630045
2400730
1365250
3695877
4035043
4879612
4579277
3338707
4735686
3768153
5284183
3206980
1860962
4141842
1158583
5350960
2323360
5834786
3645617
1863596
1823338
3223428
4032820
4146004
4334211
1209349
5984781
5275358
4635885
5151126
5438971
2686578
5393091
2441750
2847131
4015028
1514662
4996587
2925284
4715331
1742211
1236188
5416519
3759702
4141897
2950335
4991129
2417696
3476456
1206212
4226116
3756394
5779454
3383223
2961271
1621013
4575009
5316595
4998750
1757651
3058429
1539599
5367552
2842376
2341151
5672074
3398655
5797478
1768201
4864295
5397339
3633832
4404450
2277587
4366208
1513289
4507341
5970653
4122675
1617145
2824855
1284852
4806073
1875272
2044287
2769670
3915577
2359717
4375789
5069918
2649862
1251719
5011880
1848325
5942944
3021899
5909384
1055091
3729321
5829013
1640659
1817140
5821626
5766425
2732452
5660904
1911894
4741012
3286735
3609714
5045548
5773831
1115012
1327043
2488016
3948188
5545966
4944669
2938974
2154737
4438840
1106241
1840826
1827155
5840901
4948449
3526069
2912793
5954989
2135083
2712761
5724669
3833455
4032894
3292341
1277448
1796695
2592908
4045579
4060264
1776901
2632428
5016277
4180830
2704091
4569331
2365525
4013145
1201188
5055605
4693308
3672307
2469948
4878905
4899282
4422409
1165096
3679297
4697889
1728271
3497531
4630899
3702017
3804990
5811041
5186640
5635362
1257799
2357632
5502937
1997412
1680725
1975059
5692226
1982685
2674704
1772712
2989893
4314476
1599814
2421638
5315971
5083879
4880119
2464527
3196495
2845884
1425500
1880202
1701792
3642658
1404638
1248501
4273942
1460532
3673652
2515517
4406675
4692309
3688500
1650332
5579228
3380542
1187513
1567787
4565155
5920021
2601840
4214288
5636210
5768193
4841540
2218240
4225341
2990565
5532005
3353157
5575830
4101280
2008985
4566367
5124317
4348380
3144243
2064234
3163551
2450023
3743428
3364253
2464848
5488970
2045937
4320122
1635695
2792833
1416520
2101245
2660227
1213619
3556552
5762511
1614406
2119780
4830750
3808338
2651273
1520378
3001538
5174092
5387123
4058377
4627451
3846805
5703732
2039520
5756487
1589623
5572934
3854665
2166942
4479166
2039097
3886219
2603125
4751367
2600480
3918462
3159878
4018067
4526379
2554206
5058975
1596242
4153878
5425799
3799153
5338096
3867763
2981184
2009029
1122929
1282421
2442074
2263758
4750436
3742508
