1027468
1146911
1187581
1293247
1324164
1442385
1450027
1565946
1587348
1617214
1646735
1665418
1681171
1686827
1835915
1864583
1867736
1978426
1992572
2011476
2044235
2058880
2103822
2167003
2194333
2267603
2310988
2328133
2330145
2350009
2371630
2455838
2496795
2502983
2520335
2687977
2813200
2981609
3096879
3175719
3242002
3256545
3311362
3486671
3490308
3508909
3540531
3552399
3554335
3585198
3593665
3596834
3708089
3720327
3735376
3754755
3777281
3819186
3873552
3907372
4032109
4034086
4039441
4171673
4199849
4273204
4323088
4428818
4488393
4519170
4540512
4570743
4724277
4752479
4787568
4894327
4922545
4975271
4978662
5036291
5071367
5103352
5160146
5166177
5168824
5279725
5367325
5395620
5444005
5549731
5621737
5639705
5670829
5679191
5734203
5749984
5797737
5817955
5860390
5873744
5911778
5186037
1355051
4865777
5096001
2658856
1980860
3202548
4430304
2158445
1234120
4691807
4190180
3363131
2757156
4686428
4316197
1551056
2345231
2616540
4508978
4267477
5197547
5983066
5567954
4478795
2760901
4626292
5410858
3829753
4567834
3076630
2575876
5166858
5432648
3102536
1907250
2703614
2143261
1427520
5812940
3252597
5008156
4989632
4408242
2827285
5206876
3688409
5461364
1642626
3860402
1480112
4008276
5129076
4016333
1642918
1743989
4424119
1922759
3334748
3926059
3762165
3181612
4481930
4433074
3477353
3614415
1177483
4798146
1137190
4647666
3220597
5051337
4454642
2359601
3291605
1551060
5308102
2375845
5029823
5923788
5478137
1911885
1036866
1771245
5682819
5328670
2432917
5132812
2043191
5486754
3496100
3727130
1137057
4078544
2580925
5244947
3789072
2357297
3410445
2548407
4085057
