2595846
5259727
5603756
1204322
3710892
1150832
4022509
2886595
5188907
4052899
2289743
5566613
3578433
5084681
5936992
2336025
3008196
4477607
1716920
3903467
3735445
3064106
3809557
5349117
5177979
3795230
5166971
5812165
5504017
5340768
1113736
5524773
4503305
5345238
4169929
1989261
3061563
1267080
2420734
4256247
2721912
4426311
1830132
5034968
4630735
3182329
5169536
2730097
1437222
4472616
1504071
3153746
1091034
2561462
5051464
2265990
1167235
4429433
3686917
1265910
2395995
2592713
2253327
3364202
2679182
1588123
3980663
5896509
5025966
3332459
2200529
2168873
2147669
4254705
4728765
4179438
3072047
5977363
6018311
4153052
5813544
2520417
2188431
1141537
4921224
1062584
2138437
1516955
3444032
1674169
4417507
2120820
5244058
1488040
3896025
1535658
3061279
1445222
1676383
3350159
4978294
5164601
2290352
3735503
1063448
1002114
1637054
1614860
5907516
2456022
5455948
3740270
1161028
1887251
3791941
4265223
1032160
2865460
3790810
4448450
2237782
1680108
4948579
5828720
4996829
5095701
1374920
4191519
3577348
1999269
2531909
1529830
4720584
3621293
5158304
3727042
5431251
2818348
2428031
5956651
4672311
4542580
1469784
3685561
2721090
4548012
4448114
3452793
2903919
4045953
5676964
5180700
1720056
5043807
2118548
1836549
3641040
3002433
5520703
2575287
2833356
5017920
5431974
3843121
