1018392
1019336
1022146
1022455
1050925
1099046
1120345
1169658
1178000
1193677
1236742
1265467
1278527
1351485
1352435
1358499
1415893
1457476
1459857
1504117
1556909
1584752
1625455
1634542
1762601
1763467
1866356
1868782
1975972
2024497
2045038
2046573
2047740
2126549
2180606
2219366
2247970
2325060
2344827
2354223
2431418
2431429
2504499
2526115
2583590
2608318
2700631
2723165
2775542
2807994
2860787
2860793
2995526
2997902
3001606
3070512
3179972
3227886
3375514
3379840
3509506
3518956
3523771
3542575
3616968
3633058
3660631
3689607
3702188
3714800
3752577
3760369
3777200
3795545
3821501
3849139
3888274
3915776
3921672
3947749
3949301
3954565
3985098
4148837
4153484
4173639
4219235
4257592
4353778
4404327
4422199
4469445
4555448
4585242
4642069
4646748
4755890
4766742
4828283
4849744
4864952
4888755
4947016
4978334
4988684
5061140
5065417
5110935
5154213
5199131
5219708
5247181
5255719
5320674
5322901
5336023
5340909
5343410
5413339
5440758
5446154
5462829
5482116
5506464
5572806
5582051
5667396
5715759
5738746
5829000
5853749
5867705
5879118
5893783
5906064
5911801
5915328
5920954
5944894
5977895
5983922
5987208
5997040
4787927
4529229
3370169
1639281
1784960
3181499
1181866
1717311
4031734
1237685
3666035
2713204
2141586
5745653
3997105
3197936
1149530
1451358
4832278
3721252
3651704
3990908
1889955
2462234
5287115
5465381
1101143
5266186
5499435
4371857
3585042
4052735
1712177
2707555
3188451
4978294
5783862
5762739
5210322
4223332
5430952
2195024
3853570
1698593
1410215
5411959
5840380
5842479
3290354
5190539
5838031
3152575
2236579
2985277
3505886
1434961
4167248
1579411
2255338
5421714
4782507
3246907
3986900
2086380
2428031
1861953
4830221
2398508
2249867
3399229
5661058
5663801
2773890
1975702
1510595
1655617
5364681
1851143
1729940
2402373
3999339
2954168
4200889
3015506
3334207
4206820
2224394
4070379
2847570
3870831
4792990
1800026
1191821
3394316
3676098
2948315
2357691
2635804
5956197
5838212
3795148
3298388
5143135
4899040
3767088
5704100
5393592
2672671
5920794
3342021
4243891
5220339
2293050
5749571
1492378
5023948
5791631
5108667
1133671
5286668
5581817
1711461
1621165
1092348
5470002
5815482
4384656
5307148
1774500
4023447
3339216
1234061
1733386
1430337
3149078
2085397
4071596
3900879
4240316
5945124
2913665
1766811
2742971
