1008848
1036884
1038319
1057101
1064506
1069815
1075664
1082199
1116777
1141585
1147654
1164960
1174703
1209876
1218085
1220436
1226395
1231251
1237814
1249470
1253143
1262239
1302535
1317889
1332373
1335669
1339136
1345647
1348534
1368659
1382304
1383068
1400325
1411448
1416470
1430297
1454171
1487683
1492029
1506823
1508206
1513860
1556146
1559091
1579853
1586755
1587987
1595772
1602350
1605007
1625413
1643993
1681505
1684239
1689228
1692122
1710156
1730365
1736463
1750233
1764674
1769538
1770655
1785040
1787430
1806818
1818053
1824848
1825687
1829768
1832089
1833160
1833983
1835787
1859421
1870548
1873146
1906700
1919827
1987570
2069476
2075215
2089617
2091173
2115519
2148233
2184414
2191156
2212671
2235645
2247550
2247607
2252119
2270380
2319566
2365614
2404758
2408769
2414856
2417463
2419376
2429530
2431327
2437856
2438942
2442022
2446543
2451997
2483783
2491010
2496757
2501320
2529057
2530338
2549789
2560778
2572646
2690482
2699453
2702418
2742543
2751569
2760363
2766362
2771238
2787776
2814976
2837215
2861648
2873820
2874370
2885861
2898076
2938686
2964412
2966402
2969575
2981496
2982160
2990114
2992673
3023272
3031274
3079844
3100388
3115561
3144220
3169617
3213462
3262919
3289981
3305190
3322568
3326245
3347505
3351916
3368575
3373653
3407391
3410169
3415351
3416600
3423052
3426737
3429781
3433710
3465607
3485095
3497835
3520528
3528173
3556317
3598171
3605713
3612810
3632197
3636841
3664443
3670918
3672167
3685204
3694202
3709092
3712244
3721995
3724706
3730184
3745236
3755874
3759567
3770139
3778548
3808926
3825182
3844849
3859973
3860226
3878150
3881647
3919743
3926134
3926273
3940649
3983781
3993106
4017682
4054343
4076981
4099131
4102325
4123593
4148456
4215823
4218247
4240127
4250681
4257995
4260318
4263530
4279712
4280666
4282492
4292543
4315411
4400873
4416985
4456674
4472057
4493514
4496563
4504233
4513074
4531059
4538153
4550210
4558332
4571990
4589452
4596661
4597483
4604699
4615038
4641317
4653231
4654994
4655592
4666293
4668157
4708713
4711616
4743142
4744067
4751545
4784587
4789219
4824953
4825343
4830360
4849927
4867835
4877526
4885423
4906678
4920693
4927675
4929272
4940110
4943277
4968468
4970063
4996021
4997553
5004969
5030008
5052853
5064202
5076061
5141587
5145034
5168118
5182250
5186705
5215289
5228004
5238892
5250040
5269640
5275665
5288444
5297540
5324536
5325124
5346433
5366494
5370719
5370793
5389194
5399520
5412220
5412704
5438495
5471057
5494067
5522948
5567175
5571674
5576614
5579010
5630871
5632026
5642716
5650530
5669123
5701427
5708597
5729779
5750192
5764894
5789692
5791510
5837200
5893255
5938516
5951951
5994799
6019028
6020989
5032185
4630421
4720700
2669786
4793224
3723105
2146215
4109504
4352859
4214779
5557424
1236610
3892736
5292741
5452059
4371113
3019808
1694517
5261857
4621046
3847775
1071289
4096886
4040071
5932584
5079050
4287578
3931351
4826010
3362117
1290847
3107807
4782684
4344202
1158040
2312563
1950608
4764790
1621915
2949670
4068394
4745778
2732532
5212308
3516342
2244183
4301427
1453326
5073301
1540357
3797074
5006653
4342064
1019057
2679594
1354720
1276269
5133060
2131796
4091834
2482401
5614154
4117842
3631543
2507642
3475380
2542673
4834669
4118057
1034380
2488753
1963229
1689634
2128626
3597786
4549048
2452289
3914058
3490966
5990777
3361224
2194194
2675715
5459878
2867045
5987766
5676964
3215576
5525160
3356008
2777964
5600143
1478160
3293865
5883813
5351472
2416439
3321796
2702315
2766642
1318206
4755306
1882010
3016035
2081855
4604406
2548292
3694909
5425415
3945272
3529868
1213222
4934268
5380780
2704063
4864051
5198762
5439720
4990579
2995731
5642187
5532446
2443376
3813817
2621312
1042543
2361302
5730163
3621362
4859869
2744056
2797297
2372405
1892443
5533038
1545741
4053383
2246857
1471373
5345828
4898343
4596238
3312952
2015238
1607545
4810585
5137744
5027631
4206536
3677797
4984750
2941027
1674059
3717621
2019390
2162513
4586260
5686083
1234045
4301930
4845546
2512345
4286385
5899465
1280031
3396060
3181250
3728317
4913065
1515944
4814567
1931485
4667469
2585550
2614611
2659335
4291919
1729130
5502157
2798411
4761193
1885330
4255670
3634277
2559123
3398527
1604680
2630869
5793627
1218766
3971406
4998903
4436387
4889627
4192985
1364871
2401643
4327247
2422041
1921453
3972109
3315098
3645060
5622881
5153779
5886057
4660524
4280401
1849775
4719205
1848461
1274443
1640322
5773616
4267106
5356045
2646044
4632840
3100565
1951332
1544110
2831002
3596207
3491089
5151126
3644988
4701620
4340644
4113970
5380315
3490287
2737287
1292430
3618835
5314420
3603436
1141042
2066283
4790654
3435773
1209724
2324971
3457040
4595937
4266785
4236244
3705562
5739461
1276761
5146192
4273191
2688369
2517102
5318120
1006533
2593491
2524293
2419589
4487992
5137042
4184880
2378931
2503245
2172752
5273287
4866503
4909326
5176749
4452609
2271684
2865460
5825098
3557153
4814538
1076489
3027803
5090762
5497730
5092258
2895775
3412316
2947336
5130038
1619077
5201204
2956550
1816332
5822882
3058245
4959694
5342219
4192258
4079845
3990592
3209406
3037683
1053483
4465735
3558163
5354414
3168444
3077817
4057629
5957485
4540495
5326454
5728579
4135330
1192939
5576378
5372936
6005978
1790598
3929557
2844757
3594394
5686370
5992861
4103825
2567803
5651437
1083102
4483353
2051698
4348317
3151123
1068985
