1012774
1060247
1091594
1140252
1171907
1174527
1190657
1195817
1233389
1270978
1304122
1353150
1353648
1359362
1383249
1470674
1525848
1545554
1607277
1642370
1660526
1672424
1694798
1696942
1730908
1773787
1813026
1846662
1849321
1901144
1926413
1999867
2021437
2038706
2046962
2077269
2109758
2120629
2145631
2223103
2224351
2236165
2260114
2280718
2288520
2314538
2358741
2415667
2448394
2455464
2462312
2507404
2526726
2579286
2602707
2631856
2633774
2635653
2672639
2673091
2706838
2760126
2805685
2819825
2835965
2889511
2930127
2937044
2941303
2956844
2959831
2962748
3017500
3034773
3072073
3144741
3146605
3175486
3273374
3290483
3297014
3316277
3322760
3362390
3417434
3430943
3482391
3544154
3584171
3604881
3614278
3678277
3690763
3733054
3765992
3780099
3795721
3845733
3845879
3884165
3902207
3902635
3959843
3971127
4026560
4040733
4050285
4065140
4093182
4104673
4143165
4149923
4204961
4209263
4254262
4257970
4294368
4309610
4311038
4335690
4372209
4407279
4434631
4443454
4464091
4514338
4529715
4573739
4595985
4598579
4602906
4644281
4647132
4722821
4726145
4755867
4782894
4804917
4812999
4923998
4936204
4975215
5029136
5032825
5037741
5040477
5043318
5050116
5064322
5101910
5104854
5151445
5173726
5183918
5184216
5185572
5199320
5217633
5245881
5264557
5265235
5287359
5358222
5397484
5445292
5480563
5481796
5483103
5498255
5525871
5540268
5554754
5598657
5649063
5652298
5666851
5778153
5789338
5795570
5823359
5848881
5985760
5996504
5999924
2865204
3236736
4994499
1643668
1773198
1082975
5531824
3176977
2784047
4819017
1211337
5044425
5710775
3297706
3577348
3183682
2141654
4443975
2757119
5045670
1113019
4252124
1112367
4192315
2266958
3825902
4457606
1837012
5927101
3783013
2996871
1931420
1916143
2306187
5903769
1090091
3105967
3497781
2564786
3365425
4201061
1465007
2939429
3172732
1389576
3931654
1856223
5013921
2148454
3252387
5843952
3596878
2357595
5496646
3520805
5815681
4601014
5406888
2340654
4723596
2378929
5508973
1597578
5194513
2043163
2322246
2964102
2415756
1034181
3270922
3398314
1230335
2265526
3429592
5197995
4365264
3994843
1863007
1800675
1753125
4436432
1898813
2816187
1957806
4456406
4234141
4741012
1518383
1097941
5005805
1739565
1249953
1589345
1394022
4143486
3253048
3260252
5339087
4998542
5776090
5274346
1462141
4432332
3939505
2055624
1917322
2595549
4447271
2406979
1805647
4954726
3307192
5800264
3814684
1349115
4241822
5439400
1128093
4168589
5224785
5429621
1604118
2676493
2969895
4811281
2398514
5814982
4426561
2488919
1980661
4430962
2642222
4440142
1540256
2496806
4378054
5251737
3916828
3134244
2163781
4451591
1629405
5693900
3675066
5941807
4936843
2064890
2804888
3436871
1410743
5839207
1118821
3903243
2882207
4149586
4356770
3667006
3573714
2562030
4828388
3719749
5644231
4953243
3159396
3775264
4601322
2358489
3442582
1052697
2281172
3730663
3627236
3383311
2813281
1516132
4319320
1556383
4542237
4870684
3836748
2347170
1762236
5831915
1536232
