1007602
1020293
1060668
1077927
1086650
1096773
1098580
1101681
1107315
1107405
1119235
1124492
1129926
1147351
1166587
1181641
1220715
1238276
1240998
1245059
1253809
1260724
1278678
1295398
1348823
1364777
1366230
1370469
1373895
1375224
1378131
1411841
1444502
1504820
1509388
1525228
1586017
1586636
1586645
1589528
1590837
1596278
1597208
1623539
1628294
1632991
1647381
1648533
1667928
1681658
1688511
1693398
1695325
1697906
1705908
1710888
1711197
1732016
1819965
1821251
1832530
1836916
1842757
1863333
1865086
1884405
1895281
1899686
1900301
1907788
1918261
1919206
1921904
1932631
1942052
1942523
1950381
1964067
1971863
1973908
1981141
1990120
2004787
2023488
2037748
2044007
2053243
2065626
2073036
2089676
2095071
2101878
2116597
2139020
2149365
2210783
2211465
2294406
2296439
2330079
2344961
2373378
2373525
2375182
2384875
2401814
2416226
2438913
2460079
2460432
2461509
2472961
2498189
2517995
2542692
2558215
2566990
2572217
2576011
2602557
2605075
2625629
2628500
2637624
2648905
2652915
2655083
2655515
2676444
2678189
2700806
2703490
2712297
2732922
2775989
2785082
2789329
2790224
2798840
2822876
2827073
2827839
2829015
2852659
2855220
2858522
2867876
2871156
2871554
2883730
2895655
2902106
2911740
2947240
2985487
2985599
2994712
3006447
3006577
3007071
3010770
3011623
3033159
3034804
3049795
3094018
3099537
3106554
3119819
3160459
3172339
3172418
3179715
3181458
3186660
3199277
3224430
3230955
3233723
3238918
3242346
3243166
3246704
3254525
3263194
3265768
3278164
3282395
3290956
3293975
3297818
3299397
3335076
3336263
3345999
3390969
3423780
3444443
3448746
3480699
3489133
3528496
3540674
3554094
3566519
3569437
3573298
3587924
3596447
3601718
3609574
3627447
3642246
3652783
3683388
3706099
3728606
3734888
3763374
3778160
3781693
3783392
3787713
3789799
3801660
3820117
3820223
3842695
3843245
3850577
3859854
3892184
3898331
3901829
3914099
3921339
3983949
4008165
4029451
4102247
4121606
4148311
4179084
4203054
4214873
4216782
4218546
4271101
4291944
4298573
4328675
4351752
4355407
4378304
4396992
4403808
4446876
4458331
4469461
4488432
4488705
4488877
4498637
4499891
4504627
4504911
4511543
4513697
4520820
4522635
4525182
4543878
4575828
4585471
4586876
4594642
4602371
4617740
4674239
4697234
4702719
4712261
4715543
4717158
4717750
4747961
4774862
4824861
4842882
4861937
4876691
4894937
4910917
4926489
4927787
4960220
4972407
4983026
5013610
5018288
5027435
5037467
5040194
5053236
5053302
5053800
5077587
5093723
5111053
5117033
5129032
5168691
5203664
5216537
5235685
5236837
5268224
5276360
5290689
5295561
5297185
5308674
5318515
5338934
5357310
5357884
5366275
5383255
5385500
5391465
5418491
5422076
5435003
5481503
5497285
5499558
5508634
5516330
5531846
5539622
5558549
5561806
5566832
5566973
5570912
5593137
5596816
5598580
5616882
5664237
5683882
5696908
5698165
5699288
5710179
5714911
5744167
5745136
5748284
5765706
5767557
5783538
5797307
5803380
5807563
5808385
5828374
5832348
5838840
5867006
5901036
5924656
5925091
5962029
5996979
6009468
6022904
2383049
4826746
2703403
1018225
1251675
4205292
2443247
6022402
5038722
5595925
2657574
1080087
5506056
5185138
1845360
3518694
1466897
1340624
5657845
1566704
6023039
4610145
5338812
3054470
2119162
3880113
1845946
3649018
1727339
2542435
1198674
4458225
4952717
4689883
2316146
1546668
2679276
3540914
5544297
2451522
2039646
2055988
2238200
5605621
4260130
4665368
3385492
2286550
3289721
1495721
4166313
3071549
1404735
5080747
1096145
5797239
3352525
3848136
3739675
2672335
1045600
4293954
1367842
5265010
1530794
4090357
3344006
3723471
2397279
3477052
3823730
2798029
1869075
1560236
2886242
4893764
5755771
1078771
2617345
1057452
5638252
2422292
2298074
2101776
1073930
4336852
4255580
4589381
1762813
4048992
2256310
5360387
2182828
1644826
2301289
5246844
5431369
2831191
4879376
4388916
5042033
2940524
5527636
5696828
5346123
1362335
4543466
3810872
2628432
2047685
3707086
3539777
2322275
5061801
5445100
5947439
5937288
2654394
1421683
5014945
1902875
2309527
1782591
2498616
4923184
3156158
1573750
4079690
2922792
4411178
3962115
3646564
1139827
3015568
5617595
4302490
5330482
5951635
4293033
5759506
4558229
4582607
3239422
2741739
2952147
5983759
3719125
1556240
2181561
3280768
1612951
2692399
5374309
4660739
5689871
5986173
4065451
3923520
3581665
4025132
4716488
5052839
5772874
3436580
5323010
2109625
4938095
2388468
1017363
3201632
4571865
2150024
5915158
3980019
5815539
3290503
3763400
1419510
2741808
2436524
1572063
5741769
5862834
3075583
5103298
2400741
5338969
2024103
5330370
4486866
2707328
1124523
1477710
2367139
5678632
4133126
5760468
2561305
5864699
2817042
2857699
1939613
2543028
1236986
3426544
6005926
2456498
5630580
1363531
1069695
3979441
5824853
2736519
5900838
3936345
4724352
3631414
1857687
5532633
2008046
3709945
5183010
3130823
1578186
2734575
1505442
5325413
2657942
3036380
4858983
1875703
4713827
4767694
5467323
4914003
4141717
5846973
4031032
4334377
5612814
2518997
1935079
3021408
3996208
5887477
4800748
2882108
1157468
1634898
1778714
5047153
5836841
1509881
2769050
3165220
2202552
2579393
4284995
5754815
5116711
1496288
4177528
3402453
2052418
4544972
5624645
2156580
1505785
4401454
4586973
4697105
3662492
3159121
3864300
3864490
6011121
1036829
1816142
1011614
1267048
1390199
2111069
4147699
2280328
3758151
1902617
2765846
4786031
2620331
5025947
5546067
3393005
4142587
3823251
2164621
2402953
2601285
4847656
3836473
3643372
4522283
5214003
4122735
5092943
3983531
4040282
3590922
2683553
4949712
3230154
3439074
1694300
3770406
2778620
1366456
3856670
4841613
5263572
4402929
3135157
2502798
2883853
1415713
2026237
5075595
1086934
3793780
1398318
5159747
1151258
3276149
3527128
4785841
5760451
3496041
1592450
4141274
1736581
5738789
3526543
4609679
1018585
1913975
1339653
3410098
1584571
5738752
1928952
4261255
2586638
1884943
3932490
4541916
3958368
3107675
2867106
3901049
5796321
2254169
3762701
1335362
3136076
5366801
4522429
5354915
5181305
5638700
1995279
4504877
1516507
4641354
1935898
2112325
5819792
1530336
2787450
5637913
