1010454
1061216
1067519
1119540
1123589
1132275
1163429
1250063
1253061
1264476
1293134
1303433
1307485
1319725
1348463
1367516
1381536
1393148
1393997
1430060
1432500
1476555
1504806
1520839
1541261
1558454
1577271
1586203
1606598
1611556
1626534
1637203
1649298
1650197
1651088
1669743
1673353
1692696
1739842
1747138
1757637
1771003
1803800
1815342
1821608
1826054
1839065
1870782
1872254
1873698
1892887
1907016
1908988
1909593
1917455
1920603
1932795
1940154
1963993
1986085
2002547
2032747
2054622
2056147
2077557
2078424
2086620
2092782
2104865
2139085
2149494
2150302
2156378
2185663
2194571
2215928
2222347
2235547
2237999
2238072
2245193
2251595
2308694
2329135
2331300
2336547
2357035
2368191
2376941
2385711
2397517
2414610
2456074
2489966
2503405
2521220
2572392
2577605
2614000
2647454
2663901
2666130
2687654
2690477
2692976
2695974
2742392
2753098
2754748
2770090
2805181
2812879
2835758
2845070
2880053
2885495
2905622
2952722
2960507
2981060
3006541
3016118
3027514
3044405
3064863
3067317
3074833
3075002
3085183
3118319
3139202
3155239
3155345
3173896
3173922
3182347
3186046
3196728
3203466
3211353
3248458
3270467
3271142
3298261
3302956
3373417
3376112
3378943
3389190
3396147
3408198
3451461
3460413
3465032
3540856
3549656
3553305
3559269
3570569
3594745
3596937
3608514
3610160
3625363
3630485
3638403
3642032
3661086
3661720
3674270
3741313
3773752
3783603
3796240
3837618
3842489
3857177
3869433
3913375
3927076
3954283
4050802
4078932
4128443
4132308
4135140
4146142
4175998
4187956
4225139
4292971
4308718
4320731
4331190
4377191
4380976
4384693
4384912
4396600
4399378
4408710
4423781
4441942
4451670
4454185
4459866
4472103
4500441
4511366
4515884
4564759
4568991
4675773
4686851
4687565
4697521
4724885
4727514
4731038
4736589
4746392
4749444
4767354
4774685
4784478
4798240
4817502
4849836
4860099
4869875
4880467
4883296
4892642
4896953
4899795
4913309
4920530
4940319
4941475
4951751
4956278
4962874
4966754
4979994
4999887
5023434
5028713
5051192
5057074
5071401
5078598
5080989
5096213
5117616
5134152
5139790
5156315
5180835
5187166
5190697
5202188
5210698
5243389
5264035
5286821
5298859
5304904
5305441
5326804
5358405
5377854
5392597
5424209
5430542
5450713
5457226
5469019
5516054
5520362
5521693
5563731
5571009
5589624
5615698
5631620
5662107
5666298
5669026
5671500
5684013
5687383
5706358
5768489
5772940
5790458
5793286
5796333
5803956
5810983
5838695
5869685
5879464
5882765
5885647
5894215
5925699
5934506
5997812
6009009
6021403
2977726
5953470
5734893
3283606
2937385
2910958
4603128
1846525
2571461
5953177
2460898
2659750
5939172
4764260
3617900
3439678
5087065
5679204
2172790
4753328
5388546
5425736
4137156
1303280
2481468
4124549
1540880
1396406
2968395
4471429
5075691
5372999
5957188
5772611
5922308
3369613
5285212
5426459
5659634
4255378
2880259
3958379
4070131
1930601
5314224
2815335
4045675
3099331
4561362
4331884
1158749
3771347
2539229
3824700
4867781
1768194
1403804
2093881
1878566
5332442
2494576
4855847
4711659
4898846
5017920
1028324
2680017
1441047
3912147
1359106
1766761
4565694
1514730
5558368
5835785
4083430
2406447
1568702
4187155
4408035
5680503
3695938
2774478
2924576
4890008
1783897
2043265
2343893
5772822
1322170
3730965
5875438
5256959
4012645
2928442
1339990
5473958
5913281
3217054
4812251
3281534
4067160
5799670
1886329
3179231
4011631
4283128
1565938
3006340
2324728
5024745
5015142
2585700
2945278
5779262
3592915
5762004
2059309
6013000
1623634
5384779
1916600
2110365
3896887
5006068
1498841
4976696
4858662
3146154
1250365
4698864
2211179
1303940
3630592
3765789
3249370
3818554
2960721
1940064
4047671
5571330
2963047
1994841
2190480
3636301
1177919
5454733
3715316
2000082
5619075
1617372
5969645
5839582
5420016
5936256
2898887
1682733
5633556
2785030
1015283
5297423
4162536
5309068
5024471
5091556
4982400
3740664
2002661
5430199
2361090
1952883
4932356
2338735
5540313
1695679
4819188
4977904
3517104
1734997
3573618
4946828
3987405
3053877
2289442
2592139
1119112
2832949
4097485
5241662
2464370
5222176
4071036
5081839
2958735
4987713
3691377
1623832
1788006
5980071
3058484
4086233
2355310
3872854
1653491
2432560
3071150
1368400
4814348
5989668
1193616
4241254
2670351
5208855
4643850
5802564
4560521
2381266
2076500
5067042
3300140
2276905
5022883
2241912
1239033
4822485
1619993
1237065
1862821
5902859
3522931
1148172
3437305
4543826
5542305
4070440
3280167
1067593
3432088
4389786
2039069
1087582
2805266
5241548
2527266
3701786
1910727
1701417
4707367
4938932
2095545
4769677
1889460
2650657
5229106
5086921
2143881
4744157
4487151
4366037
2786002
5719846
4757481
3287355
4895860
3402496
2199469
4855374
3453138
1575184
2091521
2614457
2256720
3151988
3242071
2677245
2845374
2271900
5530719
5090770
1448953
3308777
3180101
3606585
1697582
1889510
4280460
3442429
1528304
4281641
3936240
2720966
3041145
2638886
2293285
1597653
3507429
2722698
2824162
3586056
5320316
1037992
3456011
1214796
3562187
5354927
4253248
2040174
4164057
4778718
5088940
