1011119
1030719
1034935
1037074
1037790
1056034
1060612
1065959
1068693
1077594
1088152
1089927
1096750
1098532
1102615
1106154
1113514
1115615
1119333
1121051
1126305
1128710
1129692
1138951
1142643
1160217
1164376
1185719
1192141
1213709
1219196
1223356
1225745
1229243
1248831
1249858
1268040
1295742
1298824
1311433
1333712
1337714
1340495
1349700
1359120
1369772
1373620
1375252
1392001
1392875
1394515
1396819
1399288
1399497
1402246
1416081
1423439
1438146
1438426
1445364
1445431
1450096
1459348
1459808
1468547
1471081
1476671
1478815
1484491
1485342
1490543
1492285
1493450
1500365
1500377
1515702
1528995
1530434
1536069
1545907
1561359
1578855
1583997
1590757
1590981
1597286
1613489
1618596
1624618
1629258
1640049
1644834
1656947
1657785
1660773
1672670
1680780
1697429
1700954
1703376
1715061
1721010
1733349
1742382
1745173
1748826
1749101
1750199
1753241
1764443
1766514
1766824
1767221
1773719
1783274
1786976
1798004
1804552
1809547
1811504
1819028
1823487
1825516
1841860
1848987
1856757
1871380
1883685
1884340
1904465
1909322
1911487
1918339
1925605
1955832
1963059
1974031
1976040
1978909
2007785
2023875
2026294
2039392
2044992
2050879
2063917
2092403
2093834
2110316
2111159
2113228
2113984
2123029
2126867
2130723
2131113
2131944
2132822
2137282
2138115
2147386
2150052
2166419
2167121
2169512
2173788
2176408
2186045
2187779
2194891
2201690
2201810
2211194
2215739
2220840
2228986
2243305
2262088
2265773
2277227
2283352
2289706
2291358
2291991
2294494
2307081
2318295
2318773
2330938
2332867
2333786
2336592
2346180
2364877
2365172
2375495
2394672
2402675
2410749
2411455
2417555
2447452
2450739
2467077
2483173
2486922
2492145
2508208
2511245
2517359
2525089
2528744
2534713
2539987
2541622
2543226
2545597
2555445
2558604
2560547
2563272
2563386
2565544
2570135
2577894
2585017
2591558
2620177
2622621
2623951
2644801
2645495
2656813
2658359
2661597
2666543
2673048
2679263
2683571
2683809
2687234
2702906
2709637
2712453
2746075
2746207
2752386
2758028
2789652
2799222
2802989
2804135
2811211
2832468
2839334
2841055
2843061
2848853
2852374
2860182
2864436
2868286
2873561
2882732
2890467
2897868
2905797
2905933
2910695
2912254
2915349
2915564
2915931
2918518
2921498
2936270
2936653
2939274
2944217
2948011
2963119
2965182
2966811
2970697
2981838
2993761
2994062
2995705
2997081
2998567
3013686
3017387
3018571
3021624
3024259
3054254
3059945
3065340
3068042
3069528
3071019
3071852
3079443
3100484
3128315
3130006
3158741
3162288
3163263
3166059
3166685
3171152
3172577
3183062
3188443
3192333
3195139
3211644
3216284
3217140
3224703
3227857
3242324
3243281
3253091
3256583
3259506
3260970
3270300
3275711
3282642
3291545
3301329
3302808
3309108
3326523
3336177
3343291
3349131
3349904
3352840
3358696
3365990
3366084
3369362
3371324
3371721
3382415
3395996
3405906
3407181
3417175
3425109
3426623
3427697
3432460
3433595
3435946
3436334
3437449
3458734
3467144
3468166
3473316
3474840
3479318
3481350
3482857
3495777
3510466
3511933
3520478
3524943
3528281
3530059
3532584
3532658
3543308
3545336
3547982
3558180
3562782
3565599
3576505
3583633
3586648
3587555
3591740
3596565
3605734
3606280
3606971
3608028
3611944
3615738
3617390
3632065
3638723
3643208
3645586
3648236
3652060
3654515
3658373
3667122
3670697
3676886
3677856
3683003
3687891
3699151
3730093
3734018
3743401
3765321
3773825
3781121
3790291
3791166
3792294
3795015
3797287
3799674
3815481
3821659
3827924
3828362
3842467
3862627
3871145
3885439
3892761
3925509
3942939
3986795
3988138
3998452
4006382
4015415
4017322
4020081
4045141
4048010
4049422
4050490
4064299
4068514
4069522
4087368
4091878
4102376
4103151
4103767
4126429
4129360
4130478
4133589
4147778
4159153
4165747
4166864
4172742
4178748
4181424
4190900
4196297
4196496
4198891
4205972
4215569
4218895
4219185
4221841
4226366
4245519
4253506
4255759
4256546
4270804
4285331
4289380
4307642
4310966
4311813
4373779
4388072
4393183
4399424
4414904
4416516
4423531
4430398
4431728
4437192
4439327
4451614
4453419
4453507
4454106
4455656
4457651
4458433
4464962
4475206
4482853
4487395
4494296
4506814
4507304
4527653
4536504
4545132
4556548
4589871
4591716
4594697
4598690
4607463
4614061
4614083
4618675
4631427
4634546
4635176
4637441
4655674
4667062
4688469
4689506
4698670
4698896
4700251
4709448
4714769
4723540
4750567
4760295
4764321
4766054
4774041
4778924
4798528
4814870
4830136
4851104
4856393
4861195
4865334
4894516
4902290
4907677
4907794
4909066
4914327
4918632
4922997
4930471
4932085
4943298
4951361
4952261
4953922
4967545
4973168
4975478
4979484
4979598
4997007
5022318
5024514
5030358
5033391
5035914
5040143
5053937
5055204
5061468
5063774
5071934
5075982
5079580
5089175
5093084
5113924
5119467
5120209
5131153
5139219
5141296
5141641
5143782
5148571
5152611
5159718
5164283
5166793
5191628
5194432
5196266
5209782
5212984
5238215
5255638
5256654
5271551
5289761
5294753
5299443
5303779
5311706
5321081
5335532
5341051
5341859
5343993
5346551
5352290
5359999
5363389
5371072
5373236
5386936
5406446
5410366
5411663
5413725
5420612
5428299
5442569
5445023
5466126
5475701
5516914
5518996
5528456
5534284
5546450
5547390
5549145
5551718
5554619
5556611
5557144
5557716
5566876
5567322
5569554
5583661
5591026
5593482
5618018
5621383
5628106
5636559
5640486
5644814
5677279
5690463
5697218
5701173
5701691
5705298
5721958
5722625
5725601
5730561
5732619
5741683
5741933
5751272
5757222
5772433
5787945
5798709
5803205
5813103
5822664
5839492
5848780
5850750
5860401
5880159
5883687
5887502
5895671
5907906
5912666
5915012
5917568
5920720
5923849
5929692
5938635
5944629
5947758
5958472
5959959
5965064
5968903
5969102
5977808
5992433
6000667
6002517
6013996
6017674
6022676
1192248
2191206
4945258
3050499
1620769
1498841
4618646
4607664
1112154
1190446
5908785
1649204
2352895
4322811
6016796
4847644
1025285
2278878
4414368
1677752
2906069
2492335
4030968
4333958
1869565
1514300
4974460
2557660
2717679
5678394
3429742
1048188
3232516
3644486
5756223
2154400
2476296
3168926
4131006
2718927
3811347
5077049
4784227
1307115
3672374
2880942
5505701
5607566
3683302
4165448
3286940
4545631
4995843
5485179
1247943
1436536
4654046
1570944
1267468
5371035
4769296
4091763
5916156
2189029
2873969
2478012
5432904
1046405
1210225
5812940
3151902
1423889
3794727
3146507
2087914
1867173
2553140
1550638
5779393
3953474
4645168
1858103
3793559
4771166
4304546
3787091
3162400
2956550
5835434
5811100
1219359
4836406
3566932
2148454
2755518
1498012
3035670
4409536
6007099
3341530
1738662
4511034
2998679
1218257
1267377
3623700
1727601
2879455
5151928
2459369
3477559
3509000
5721073
3336055
3307105
5128417
4046297
2344268
1108892
1280621
4340644
3463993
2772375
1053702
3859817
5015082
3591250
5052160
1301447
3347164
5135344
4263912
1839567
5419835
4953704
3553042
2826520
1877599
5497220
4445213
1859081
1409403
4176992
4116820
3438407
4796456
5534250
4522133
2757563
2136912
5275779
1179698
3669935
3789226
1604745
1021565
1238130
1431876
4290961
5436778
4242993
4082739
2786346
2679276
4945473
1546668
2369890
5201955
3823730
1587643
4313165
3617900
1342853
2759180
1007094
4205668
1743569
5593308
4245528
1164694
5242783
6024260
1380231
5242811
3891342
1345419
1291006
4612632
3149347
1476946
4025435
3785438
4894418
1639710
1069279
3210947
2575256
1404603
4307362
1374881
1188711
2333997
5090900
1275013
4998729
4074084
3801780
1399587
2674782
1643935
4190561
4422705
2455852
2262109
2622237
4438554
5072485
1116172
2749578
1811920
4898379
5579626
5667090
2302390
5544297
1510147
3911910
2846335
1195404
1696733
4055789
5724540
2889445
3233563
3517953
2142397
4404800
5106610
2062159
1079613
4520558
3809306
5823769
3483832
5011966
4718137
2715577
1441475
1915072
4243430
3957475
2694344
3997385
5072531
4828943
1546458
2913892
2513123
2382069
3311681
2659107
4255403
5450921
1961454
2680017
5565691
4350941
4191310
4600460
2231578
5991821
2030281
5418705
3305434
4596734
4245070
4147636
4802510
1178013
2060313
4661204
5586401
5959648
5100085
3710616
3867717
4332800
4336852
1867799
4997825
1218766
1047997
3260550
2074806
2316659
5357146
1632794
1561224
4658846
4703175
1095146
4198272
1996292
3737236
5454545
1239932
3703183
2979173
5680503
4658930
5040809
2952213
5030785
5175715
4355065
4576449
2956048
1764316
3033457
4715141
2102706
2411794
4623807
2023761
4320372
4580552
5517590
5624188
3629123
2235017
3711319
3882017
1845107
5724228
2970137
5925734
2991080
3505886
2026922
1547048
1093137
1975935
4066198
5171752
3912035
1131040
5007427
2662498
3539554
2865749
2940589
3071351
4624432
5381844
2228726
2925694
5118157
4993800
2668838
4317610
3901152
2776802
5965708
1617006
2382116
2870262
1759033
2084705
2298905
3253246
4069879
4969602
3046254
1637645
5078371
1744652
4064776
2681728
2960721
2302282
3704026
1741472
5862003
4969975
2016861
3766371
1604464
1935569
4097451
3002701
3876701
3213069
3005848
4074853
2189802
4586256
1898672
2885807
3481081
1946930
2754353
5832142
2621118
2816802
4887545
1854554
1053483
3561337
3510968
4518657
1450786
4651597
5870905
1909307
2362805
4665368
2727188
1290884
4050670
4354922
4125596
4180295
5958708
4399031
3476493
5747034
5130327
5076260
4876916
1242903
2888809
2116859
1266461
4931349
4939874
1190452
4807414
1716388
2711285
4891068
1466024
2255389
4329682
3918013
2160889
5224593
5453817
3954709
2340654
3398370
3366649
3652838
4305545
5184536
3353431
3613124
1413041
4258879
1018883
1451358
1303940
2010909
2593664
3766709
4534648
2993093
3723562
5786971
3622319
4762691
5501665
1963332
1901135
1163046
3473921
1020137
4555233
5233914
1591519
2079108
4064353
2447403
1300832
5716142
5595288
4696705
6017505
3066203
2144679
4111036
4757829
4882690
3898462
4974507
3915089
5307148
3683725
5401080
4307058
2949563
2269825
2013739
5013986
2277963
3069296
2990431
5850301
1897383
1162073
5751333
5396934
1797543
5238743
4293310
2990985
2805944
2466437
3897833
2600107
4539938
3903326
1137345
4484332
1827041
2146706
4317573
4620746
3685650
4437087
1091690
2790781
2797625
3965213
2731242
4588339
5880701
2854249
4326529
2825860
3306513
5117501
3283651
2437365
2829969
1720625
4788575
3578055
4965854
3293865
5169583
3870271
5611996
1025446
3645060
1377798
2650285
1769612
4531113
4737887
3784718
2901816
5591392
3330227
1535933
2504363
4736702
5249202
5741140
2137843
1069446
3343159
5089215
1094487
1702036
3942690
4139522
4851254
3856193
2596112
3259902
4317529
2229491
2476062
4379043
3130356
1615198
4109186
5127502
2690333
1792708
1033754
4351010
1116649
2760901
4622103
2455758
2208759
5122251
1301090
3321410
3045860
5678890
1797719
4819188
5712630
1938292
2630530
1011999
3144342
3067620
4755200
2056514
3979515
5918436
4750901
3022332
4485109
4941839
3478501
2923009
5317094
3402959
3365425
3292102
2247699
3848903
4284377
3445996
1881750
1120288
1621291
1092727
4899456
5097068
5170379
2700837
5242557
5151643
2688765
2007227
2871686
1493979
4307293
1981772
4629337
2858618
4174232
1177126
4670339
3459344
2653345
1297411
1311116
1308125
5920866
5171767
3150203
3291487
4940602
3164766
3124329
4644312
5654847
1990626
1133671
3516005
3655582
2863619
4404582
3527608
1623703
5013726
4154422
1776606
2465388
5901441
2795400
3321422
1708824
1076018
2037516
1180786
1612492
5362147
5794690
2137401
2507553
3680520
4348407
1995936
3730965
5519785
4718697
1005874
6018684
2235494
5388461
3697276
4407424
3754844
4465735
4697617
1255917
4415752
3765058
1727943
5845549
