1075387
1134097
1157153
1215795
1226634
1328143
1345071
1355903
1365870
1371946
1413077
1413567
1416939
1456439
1458642
1480588
1551514
1606672
1707294
1719454
1731543
1772478
1797652
1837387
1864088
1864472
1892330
1923429
2053156
2056586
2070566
2138076
2148804
2157506
2191974
2216071
2239389
2402988
2478639
2507984
2558399
2589981
2664089
2733732
2753030
2778546
2787447
2848243
2904003
2974161
2997291
3021858
3031725
3057884
3076720
3188412
3220006
3231677
3272291
3303931
3331750
3357293
3374347
3456709
3457071
3513632
3521555
3523643
3557115
3568542
3604601
3619696
3648011
3655207
3814561
3864066
3888484
3961599
3995829
4017057
4160504
4161844
4205325
4323666
4342338
4352094
4363256
4367060
4369897
4413008
4522523
4529740
4559571
4570478
4678771
4708224
4709542
4740737
4792750
4803941
4850359
4888986
4901428
4913041
4956440
4994567
5099266
5099575
5123371
5174313
5202102
5282712
5288039
5296954
5305832
5307733
5328073
5334432
5392911
5394018
5411226
5442158
5511958
5544402
5557983
5559015
5562844
5564034
5565439
5572618
5625392
5662513
5722234
5766718
5777277
5836766
5877139
5926646
5963388
5993794
5994846
6024256
3748858
2202753
4932640
5997375
1618746
3421514
3006800
3183358
2916881
1138075
5127992
3287160
2850876
2608845
1728980
3827199
3234962
3483482
5051663
3535846
4487703
3685125
5867051
5335633
1923186
1994882
1948752
1004755
3383926
1206268
1573627
1536055
2687761
2623121
4515383
4604485
3323665
4783930
3408104
3256599
4844381
2112524
2042131
2347920
3222609
2960002
5019462
1378129
1755157
3775519
3311256
3716772
6019680
2543056
3042272
3622989
2457847
1774513
2916038
5335018
4378713
4034202
4866325
3430075
2496673
1140323
4671547
3726704
3672033
2475666
2589934
2596703
4526001
1900639
2472119
5749642
3040980
4098015
3316558
1114345
5155891
2676338
2362604
3165342
5993442
3856730
5614163
5393699
2242682
2983776
4840889
1134408
1810482
5855523
2416648
4626524
4759243
2430010
1900476
1967334
3284245
5639221
2420076
3754683
2769657
5461601
1553577
2674268
1335992
3696251
1406540
2674864
5288428
4408278
4653651
5391863
1782029
2434865
1192760
2704584
2139051
3754700
2806367
4574968
3689726
3463643
1659144
3163646
5092709
2519028
1640146
4240645
3543333
1593958
5536544
5720158
3129119
3712738
4357222
5497446
3750770
3135011
