1112721
1158096
1173942
1268786
1326745
1407288
1450851
1557244
1768058
1899853
2007014
2069319
2164212
2180808
2199932
2206946
2233993
2304189
2409859
2415689
2427648
2439093
2477137
2515237
2572807
2603666
2603770
2621875
2683293
2688424
2694773
2759088
2774794
2888596
3007389
3126539
3146558
3217645
3234683
3367331
3367603
3377641
3523862
3529629
3537361
3557203
3570938
3574669
3593604
3678786
3693351
3722180
3734047
3743926
3767053
3768726
3780947
3818922
3847287
3847984
3896518
3934422
3953407
3993058
4002875
4047107
4133552
4194025
4238364
4446179
4458350
4463554
4537311
4705010
4713730
4754927
4992591
5025817
5047921
5150369
5405409
5415132
5457875
5475744
5591915
5595560
5659775
5676689
5811197
5836409
5838193
5889636
5460219
3784360
4289972
1312376
5772225
2712916
3016281
3038191
5970020
3384950
2234492
3177409
2066149
1336598
1931550
1513188
5359438
5761964
3711409
3390109
4528880
1415054
3152100
5710143
1419757
5604249
4465940
1130436
3553055
5477174
4263656
5239603
3522669
2533160
3152363
3923232
4032460
5576945
2626167
3906875
3530354
2066207
5943626
5915432
3944087
1738548
5426655
6013329
5211597
1990362
2190731
3345614
5702853
5070407
1546788
2623994
3480547
4818773
5477534
5502687
2943830
5319380
5542735
3458054
1476664
5405877
4931045
2424109
1327664
3998864
2322607
3470131
4473055
5731954
2041212
4174787
4773024
2086590
3931838
4595450
1236479
1697577
4900788
3666595
1589049
3728354
5159233
5399940
2534658
2325562
2441356
1742844
