1028997
1036659
1051967
1110897
1180117
1220292
1259011
1275254
1277640
1410497
1422561
1448280
1524803
1537073
1564948
1814581
1838022
1949895
2013030
2055845
2111225
2229183
2239913
2361776
2447958
2501060
2514747
2602105
2606700
2660288
2680529
2755290
2780044
2900296
2943729
3070971
3170708
3172429
3172979
3196384
3432599
3640499
3665013
3713702
3770970
3773588
3865023
3966112
4028990
4039228
4055235
4126162
4167568
4259625
4274738
4370554
4395200
4486103
4489887
4518945
4531960
4612297
4666588
4693848
4708009
4792792
4830688
4910152
4986694
5004125
5065938
5087987
5158887
5292047
5383001
5427358
5441540
5510627
5688842
5721251
5843696
5905436
5909927
5961488
5983716
2585828
1786138
4741975
3589575
4200617
1354659
5334792
1002559
2454291
2181561
2963403
4448687
5890791
2034815
4491856
3960023
2691283
5455768
3464222
2891231
3915559
5396574
1352757
4242142
1078753
4943714
4775599
2626167
1005822
5356825
3331882
4008646
5200422
2098766
5453287
1359386
4224813
3211725
5149250
2021674
5022182
1845773
1552580
1758104
4922071
1957806
1605613
2589389
5275866
5440959
5094275
5221080
1692952
3627897
4488454
2316544
1039661
3712626
2791594
4976952
4613071
1605477
4360674
2529175
2935925
2795925
5047844
5111154
4171265
5856658
4993748
2602019
2892097
2655655
1897963
5655043
3747218
2123397
5941579
4267950
2393077
1275329
4560609
2247734
5151292
