1002024
1065811
1065904
1104018
1229119
1416594
1567996
1729772
1783003
1784376
1803157
1889444
2112218
2140421
2140486
2457706
2484519
2638972
2640926
2653426
2663332
2678310
2765867
2986253
3047608
3137098
3158047
3189214
3216178
3475814
3571285
3842853
3932961
4266455
4516145
4539214
4547260
4620099
4641332
4721675
4748680
4827138
4895529
4957911
5006731
5112914
5187549
5285403
5294082
5397114
5450025
5489257
5537880
5610275
5615413
5638658
5644077
5648784
5768206
5846256
5959982
4825337
2813803
5877246
2785972
2122492
4033930
2076393
4244230
2147711
5396851
1995983
4084955
4761657
3902447
2146963
4144214
1083995
4011978
5681522
2645318
2879478
5916716
5431135
5236795
4791036
4573895
1844152
3180119
2552705
5891211
4533976
3082770
2090069
2571082
2090392
4483195
4821039
5163552
2296255
5686293
2683416
2980520
1064667
4273510
5761198
3102109
5958180
5384785
4287208
3964495
3362650
1681406
5413353
4693010
3200276
2576473
2173178
1577829
2264014
1126551
5914095
