4781485
4824026
2763094
2766527
5348471
5740315
2568403
3273239
3713821
2222690
2487512
4188013
4004752
2799619
3662245
2734546
4763352
1194736
1453509
4604531
2094376
2604120
2296959
5514058
2023255
2098653
5555048
3519669
4840648
2235778
1095455
2375078
2574200
2993654
4150000
4836547
5041897
4978509
1961051
1679494
3765626
2921832
5204276
5429910
4078307
1711041
3037054
1137884
1602689
1590277
2569582
5960858
2499069
2541797
1893409
4399839
3551090
3184758
3292531
3638279
3721658
4775472
1857979
1684202
4540728
2469892
1293458
1753154
3421838
5609281
5787424
1363341
