4085850
5537950
4921224
1841995
2226261
3723852
4518563
3160416
1247687
1182418
4416210
4427601
4213811
5924943
2817772
4792387
1885778
5341257
2421874
4845821
3196495
1699585
4045953
5832169
2677582
2193015
4042994
1982292
3788109
3430754
3545616
4869306
5970816
5252523
4792688
4388663
1377999
1463884
5242129
2634976
2120762
4752529
4066116
1741885
1759991
4770123
3822559
1443786
2414887
3740270
1116864
4249791
1203625
1435956
5387953
2827782
1283345
3072864
2112082
5859560
1254647
4004540
1788792
3778243
5563161
2702011
5817311
4260414
1111661
4530084
4646732
3905069
3872947
3938823
5080830
2842380
5062879
2744691
3350845
1789778
3501036
3730255
1325177
3892595
4484503
6009290
1808199
4081097
1597020
1998389
3736401
4093097
1724532
4469181
4588327
3682798
4420394
3345411
5321384
1872728
4118167
1135488
1495806
1239358
5654296
1028599
4542580
4693863
2838504
5949912
4516569
2745120
4582468
5695075
5143910
2900478
1590176
3175822
3776555
4076298
3987046
2956048
4139522
5290042
1566397
1571109
4875953
3887103
5454934
1769740
3043229
2709407
1981772
5691548
3178357
4816706
1368095
3357817
3339885
1938065
1141291
3716104
3988604
1787349
2418219
1839354
2054224
1812976
3225504
5663573
4539792
3434682
5528599
1220142
5196100
1048699
3826242
1515739
1223476
2786352
4974096
2103081
2238226
3911084
4948081
2323221
4973099
4535112
2892883
3409455
1796853
3197475
3775892
1620769
5058526
1016914
5152899
3122032
5416677
4549115
3909901
3841562
4442224
3471992
5885132
2131753
4005994
4825044
2149835
