1339161
2228451
1187766
5865927
4875069
5032809
2079484
2981028
4762562
4504094
5301247
4749401
3442985
2564241
2702530
3775829
2668977
4055789
2247289
3096795
2234754
4262452
5825155
2622649
1287428
5177075
1708722
5061359
3279174
4177103
4603452
4415681
2116295
1059583
1355578
5020128
1311594
5613058
1575557
5728141
2071728
5868767
2189802
2772650
2111667
4035747
3357553
2324462
3115647
3323152
2605523
3846665
3741896
5267926
3611764
1148554
3730226
2066693
2055874
5855565
4901039
1223615
2882687
5836804
2112935
2145851
5496939
2488354
4604856
3362894
1933312
3017653
3980072
4082944
5984267
3629964
1809252
2034686
4015663
4678284
5664896
4236465
4831326
3453925
4155282
2458302
1270298
5632953
5645926
1566580
3567711
4467068
4010694
1903536
2434448
1344727
1085796
2326848
5435619
2726474
2600480
2597560
4180830
2952150
2351097
2153811
5631727
3629543
1872217
3543112
1498989
3912941
2518367
4515866
5842420
3806134
2446845
1572398
1328482
5952086
1317415
2480780
5606284
4441714
2815542
2741273
3933447
4115077
3383176
1568065
5421770
2693836
1101430
5072485
5941225
1120587
5971777
2833417
4789074
3514239
1255383
2481860
4606625
5457549
3892977
1145322
2229750
5648295
3002123
1190220
5926594
4333958
1974686
2427200
4226123
3305623
2140217
4677543
3126613
2226541
4363848
3674208
5393778
1926146
4511217
5716142
2294531
1549508
4208307
5266800
2096240
1261994
3693200
2064758
1021038
1797350
2942683
2238118
3124953
5915199
4195585
2647107
4991269
4934156
5695577
5659022
1590599
1286628
1272090
3880499
5127502
4670541
5258502
4990915
5001034
1860962
4629783
5506982
2150396
4063004
4151213
5670528
3375799
1080496
5838279
5985000
1115012
5673250
3603016
5864584
2334349
5287828
5274460
2229491
1110878
5158726
4456323
1976109
2041313
5756419
1582320
1307115
5078371
2677687
2808831
1591519
2296803
4372594
4966327
4577403
2610637
2865053
5176574
4000924
2100010
5411803
2109496
5649080
4554008
5563158
2879850
4171820
3032884
3580795
4474615
2551703
5324088
1718203
3473304
3045636
1332182
1787120
4585745
1665089
4604893
1943759
2791594
2983157
3576203
5213126
1976684
4058726
3703938
3362096
1570739
3776006
2928413
1589544
5380504
3517159
3417535
4829237
5440889
1557669
3898026
5532005
5086330
3928879
4754551
4962807
4545583
4135661
1928578
2253149
4064878
3250514
3302461
1797433
1275000
2746396
1104156
3561557
4311114
2105490
4016775
2018234
2589389
2367755
4271326
2653296
1598626
1420195
5894336
3582687
5205072
2253011
5909421
4557013
3161725
5985915
5171767
3114134
3776865
2912543
2205528
2803699
3641435
1235906
3685109
2286153
4298860
4861709
3272209
2295384
4268043
1910332
4570805
6022965
5069564
2181851
1821212
1342853
3814981
3981357
1651002
5996582
5690262
2215612
4031377
1937248
3005540
4965832
2345229
3598290
4236854
3878306
3019862
1132995
2855633
4623756
4803402
4300177
1929164
5694880
4025536
1033024
3786956
2468130
5578862
5912117
1627192
4153813
1881750
2516753
5392877
6016919
5326328
3306136
1916201
4170833
3832232
1740702
2453208
4242643
2399352
1005760
1912140
2411665
2726552
5327001
1543331
1446443
1879491
5377061
4971130
3992524
5549990
3995720
1012173
1952280
4298550
3239325
2107246
4430607
4443705
4650604
2870262
2633278
5393995
4757641
1991473
1272598
1943438
4653524
3636865
5888448
5490021
4394585
2742000
3327311
5099483
4846223
2394559
1781663
1402437
4910847
2340118
2893572
1883380
4228173
5691047
2755518
1516605
5935710
4997825
4584198
5521635
4650917
1099813
5202153
1762656
1329348
4131534
3768153
1604676
5077976
5768910
4722273
2341099
5979980
2060741
3756226
5798195
3621790
4348651
5116929
4693655
4051422
2215483
3780553
2312092
4876654
5678745
5848067
4087586
5211640
2745571
4573715
1767602
2009243
4819420
2221445
5487419
3084884
2493382
1904966
4022548
3017012
4763367
1990553
3571576
4605845
5199440
5991458
5566244
5730879
3699179
3065258
2353947
5088177
1173204
4117046
5759055
5829735
5258626
3844284
1989157
5204069
5655199
1644195
2294949
5646146
2575465
2740237
5906934
2647773
5756757
4129967
1463426
3789595
4321580
1838984
5555550
4385835
5580617
3291522
1270629
2262456
3513889
2059391
5099247
5422893
1632227
5096035
3565176
4231223
5802441
4699046
2142397
4345615
2717229
3353157
5735034
5885125
4830750
1772239
5627262
3063444
5112063
3026335
2999272
4084522
2805612
4232377
5297703
1227021
1646689
1380620
5811935
1848197
5028494
3583187
5009340
4059747
4456566
5644511
4322320
4096134
4246158
5329906
3655245
5605840
5509935
2502864
