2097308
4365361
3813459
4766713
4684073
3162167
5992291
1953202
5257513
4552673
4836957
1576477
5276183
2387303
5439175
1916876
3860710
4599497
2800093
2692785
1692020
4492812
5915233
3069175
4505084
2898658
2009958
2009029
3968791
1095146
3489672
2084747
3573522
5808521
3722629
2395778
3046964
2857683
5950321
1251861
5916945
2781386
3097985
5161262
1996292
1677703
5725725
2762531
5727065
3348125
1263638
4246037
1023585
5799999
4037858
2905323
4422409
2366422
3095332
1422536
2995145
5046972
2963243
5044731
4325371
2806733
4562319
5243770
4681386
4286471
4636873
1971260
4050403
5011386
2841254
1756801
3461615
1560340
3544096
3221576
4514522
5489454
2496879
4382540
4087965
4508599
4118866
3124209
1503966
4667698
3647008
5445503
2342463
5016868
1523604
4346798
2919448
2608034
2826520
4662076
3118037
5038846
5506824
4027540
1684829
2549321
3586184
1299053
2580743
5175753
4455601
3529545
1474629
4348380
5242087
4521434
4438840
5556263
4120765
1255021
3993854
3273805
5705684
1722372
1900696
4420562
2403426
2841225
3502990
1145641
4168391
4518475
5825886
3092859
4627164
1202894
3233050
3442108
2608624
4725240
5537465
2145352
3833866
4887346
5349558
5721438
3189393
2043650
1195404
1757332
2272009
1445523
2864808
4308417
5378145
5689160
1529578
2034815
3603944
4174690
1502354
4179765
2974221
3884667
1625587
1923687
4008611
4064353
4996866
1950403
5801344
4307362
1757928
1687964
5954463
5275501
1286504
1616838
3558522
2407419
2721732
2122299
2733075
3452433
1593777
2181493
1348094
2719805
5397339
5506496
3197864
5707553
1973025
1850192
4859994
5947471
5798754
2749161
1304417
5143411
4211726
3161780
5224469
1025446
1246338
3368972
5169176
4359350
2248390
3486924
4735657
3903563
1637406
4191866
4398660
5832142
1301447
3170472
2535744
4310527
5342876
1083443
5031766
4900620
5682063
3453706
1736136
3983359
5699794
2697518
4531651
3209451
2480353
5510830
2431994
4562513
3398477
4828943
4144448
1199500
4434536
5435170
3174801
5265600
2490625
5104539
6005375
3850780
5086713
2572291
5790284
5504584
1785605
5624188
5502258
3156882
3639644
5870681
5376374
2223528
3650569
5963466
3522697
3153120
1160927
5056556
2580737
4327620
5391992
1113811
2721541
3885150
1332104
4002852
3636136
3164301
2115138
4422946
4347209
4130779
5541862
2885874
5561265
4333649
3353431
1770809
5144437
4313165
3052443
5583645
2726972
5466944
2255913
2501281
2806346
4654011
2748872
5781877
5850301
2026193
1213619
2985605
5911531
2125611
1097394
2595783
3148095
5021098
2957546
4793713
5788758
2374054
2008327
3901751
3072695
4600419
4614256
1860382
2315981
4858251
5587121
3046594
3292211
4728212
5318423
1584179
3872061
2735851
1787137
5194409
1328724
4146348
2675796
5893173
5215755
5424701
2009156
3633626
1357701
5061661
1610507
4080359
2899639
1068371
3479822
1454323
2659107
1695231
5393091
2310373
1578717
1493693
1488277
3886235
1296822
5745286
3547281
1627368
3573460
2146239
2939541
4906498
5832833
2317502
5369175
3591643
1621331
3008246
4851822
1342888
4152438
5180289
2385179
4454333
4326377
1436472
4954584
1992909
2545432
1002516
5264923
3446173
2622961
2628107
4658312
2005889
3844546
1965246
2991636
4380712
3343000
1399361
4736483
4696344
2071719
4616224
1044533
1823631
2607181
3267440
3979416
3152023
2333997
1816960
4149799
1570606
2079108
2339095
1641816
6016972
2953851
3027562
1932389
2291497
5078855
4740374
2318372
5919947
3466988
4191202
3700857
4604860
2973537
1740590
5639911
4168231
1779654
2452063
1730986
2741944
3376272
4007764
4176256
1877027
5071311
3860312
3071691
1042579
4595878
5681265
3807713
2534573
3007978
1601004
5566287
1678328
5090444
5734573
5492045
4746177
3685163
2247246
3569485
1546391
3897796
4367281
1241022
4816111
5200694
3451100
3827286
1787465
1453206
2112702
3628604
2924156
2270589
4942761
1068906
1270673
2524441
5216810
4748173
3981151
5915877
2959698
1937719
4051250
3610369
4631680
4154113
4777947
5693456
1153318
4359123
3431957
1871499
3539279
1109366
5650133
1509283
3379452
4689675
5557871
3952809
4861418
2766789
2186022
1682259
5950386
1297411
1347703
1064858
5100671
4748269
5896580
5627705
3879618
3597375
4406787
4883383
1352303
4323428
1112647
5402015
3597230
1667499
2498751
5897971
3975221
2782640
5346988
2504524
2981654
3488961
4822412
3522151
5617758
3184192
1633624
3448817
3967743
2854107
3098641
4943472
5480101
3952950
1729883
3151675
2934125
5402148
1194440
5574413
3073245
1472771
1103645
1064735
3867717
5082514
1332097
3476154
5056455
5894976
3510968
5155477
2497283
2292431
2361906
3619051
2427402
5978055
2163115
5939424
5544617
3702607
2940266
4713411
1441704
2168057
3149232
4794313
5040083
5533635
1729263
2189092
3249564
1871436
5446311
3670613
4622358
3162138
5244817
4904462
4145576
3815271
5565745
4752398
4750993
2893345
1364704
2624363
3967519
5994654
1674065
4319774
3958562
1359386
4244401
1709456
4606710
5818382
5247849
5199736
3248651
3285584
4468143
2349611
4129597
2099238
1634877
2239631
4587239
2124547
2910050
1052314
5764109
1451138
1022698
5020759
3024673
4029246
