3336594
4514346
3722558
3865575
3900806
2978460
3094961
5536560
2302820
1517577
4879612
4216084
3076535
1978535
1529830
3981137
2356865
2671775
2297257
4175056
3965213
4270967
1570808
1908034
1116018
1022167
4800157
4614099
4345882
3066017
3823961
2367494
5281516
3778084
5333209
4389812
2385228
1461590
4461310
5724669
5274837
3209529
4496446
3222852
2601840
1522042
1361681
4289862
2544925
3842206
3687655
3633832
2452025
4387381
3061723
5513223
2860675
2830685
5137331
4566367
1055091
4747172
2097775
3516005
2397411
5875576
4317479
1320216
4466166
3030746
2386283
3069768
5672074
4697889
5147208
1901119
2328405
2060446
5003362
3706571
4237383
3792723
2923196
1719409
2488016
1640659
5951881
2556435
3996653
5915513
3836258
5068292
5812318
4521455
4811415
3178790
4854851
5862582
3100619
5575830
1322484
3927171
5113257
2228171
1128941
1718700
5773847
5794988
2878123
3275430
4715902
1368253
4722715
4979577
2520068
5689580
2943898
4567315
3044258
4715392
6013366
1095413
3292872
5870112
4445337
4806999
1878661
1106241
2450023
2277587
3559774
2756579
5045548
1010249
1156821
5119313
3269315
5408814
1070108
3659743
5653761
5394591
3808338
1529946
3025095
1636651
2773982
2772885
1046052
4006622
3087078
2109019
3159878
3500427
5122704
1483026
4816917
2325904
2005852
5453817
5586812
5825317
3364253
4912918
5063977
5834786
1847927
4535515
6007539
3252639
5471556
2812934
6020639
3973044
3072853
1361430
6001173
5811041
5065174
2430106
1479559
5035494
6007036
3144243
3163551
2417696
2315204
5269597
5819542
4996014
4454876
2270004
4558511
1996590
5319041
3059983
4072110
5353534
2218240
5718487
2132861
3772100
4236790
2659233
5320742
3245784
2086808
2855999
5708513
5099376
3185256
3774692
2469336
1791377
1517732
4842569
2095204
5489731
1901509
3776463
1133161
2485183
2010519
5176259
1674391
1407264
1824553
4622866
3977836
1570546
2600911
2300565
5330349
4143667
1074336
2084581
3216317
4571877
4518608
5596037
1582959
1316476
4567340
1881037
3268172
3495101
4248066
4256082
1918396
5775626
4742228
1222032
5737747
4184287
3756394
1947747
2089803
5456581
2058010
5389228
1617006
1640253
1191808
4651671
2533326
5856566
5425799
1410720
5777191
1370152
5187736
5909392
2942645
5460539
3899779
4753051
2414115
4998750
4122373
5096923
5316595
1350628
5275866
1699366
2865472
5443252
1205882
1831909
5273681
5009364
1132547
5624700
4160195
3023441
5809629
5250955
5475772
4829156
5442967
4946683
5791125
5724395
4273583
4838988
1131282
1208266
5980277
2673406
4328449
1805472
4843140
1975059
1740098
2510678
5178768
1847433
5618160
6024260
1323342
4692205
2875541
2745929
3549754
2686161
4340598
5916156
4110471
2792606
3702017
4513876
5444220
2968950
3193620
2837991
1761665
4584810
2651474
3447161
3446875
1158583
1938284
3882893
5517546
4248084
4061214
5728034
4225341
2990565
5826338
1308027
2674704
2008985
2420518
1314733
4260232
2919037
1611818
4129387
4808391
5629788
5950992
4406675
1825968
1337618
3328341
2243421
3708431
5810243
5124317
6015532
3235845
3550256
4947181
2373438
5455768
5698760
5607645
4086500
2842499
3149568
5360122
3027570
4453913
1405998
1067909
2854784
5710194
5055605
2067154
5069918
6000159
3961650
2223322
5808320
5875840
2709030
5471336
4714341
1821759
5682420
5771668
4535697
4508487
5639214
2522707
5802333
2950335
1954609
2796161
5083605
3105859
3669685
5221607
3642658
4557760
1250443
2270391
2753332
1103330
4088475
4630899
5687400
2315493
1772641
5131054
2046529
4422688
3043041
2098335
4075620
2200801
1369719
5222955
5947173
2378007
4319867
5635362
1768201
1466979
3059686
3695344
3421941
1961898
4050765
4356837
3149350
5830017
5290331
4899942
2040773
4697609
5342287
4517570
1358567
1023652
1808841
4230474
2309194
5931216
4602791
3313607
1517067
