3873589
1389050
1111153
1365499
1863074
3266262
2658856
4190180
2043191
5533693
5691548
5330588
3762165
5814625
4525624
2113790
3840611
5193667
2111836
5028341
3860402
5131054
2840645
3002520
2582459
4201465
1497045
4433074
4639529
5912117
2766058
2074375
2381919
1732041
5850877
2413212
2575876
1907250
4586992
3150700
1782686
1551060
2493398
1806190
5768342
2597535
3854535
2877422
2485043
5277213
5128409
3284912
3861697
4931613
2994884
3188048
1137057
4778967
4420676
1412459
1466912
2200468
3239113
1857577
3234246
2136429
3829753
2964856
5096001
5333486
1202338
2945297
5475772
1590599
4597142
4844172
3161396
2786204
3102536
2652810
2693198
4756287
3980923
4224090
5197547
5882802
1627852
4397253
3415654
3143238
4583952
4765186
4763191
2784073
1820542
5316617
2809013
5884231
4478795
3443073
1526418
