2188431
1141537
4921224
1062584
2138437
1516955
3444032
1674169
4417507
2120820
5244058
1488040
3896025
1535658
3061279
1445222
1676383
3350159
4978294
5164601
2290352
3735503
1063448
1002114
1637054
1614860
5907516
2456022
5455948
3740270
1161028
1887251
3791941
4265223
1032160
2865460
3790810
4448450
2237782
1680108
4948579
5828720
4996829
5095701
1374920
4191519
3577348
1999269
2531909
3437384
4720584
3621293
5158304
3727042
5431251
2818348
2428031
5956651
4672311
4542580
1469784
3685561
2721090
4548012
4448114
3452793
2903919
4045953
5676964
5180700
1720056
5043807
2118548
1836549
3641040
3002433
5520703
2575287
2833356
5017920
5431974
3843121
