5979296
5899655
4070379
1522232
5506811
2081906
2555960
2202972
1658089
3579623
4650917
4832889
5913930
5255078
1861646
3541810
4052735
4889784
4763673
5762739
4008611
2064982
3217683
3768017
2647989
3270187
3460980
5364681
1516071
1310755
3863957
3342021
4647666
4936913
2305270
5816897
5911196
3955420
1223476
3905675
3318873
4452736
2759934
2901476
4830454
4799927
5233267
5873964
5003308
5808200
4913944
1681908
3326133
1091689
3720052
3930305
4337602
1694999
3825305
3957334
5402647
1695552
1503045
5777132
1381749
1889955
3290354
1041552
5919185
2090414
4361810
3359063
5453703
4030108
1024989
4787254
1676307
2725958
1362542
2954553
1311611
1711739
2653442
1496779
2606102
1851143
1423402
4106859
2890871
4096771
2612828
3298388
3061723
4839310
4842534
1097394
1398772
4454256
1309044
4394159
3334207
4808474
4584701
3705320
4564220
1947924
1836617
1845249
2843423
4296897
1510959
4295876
4653857
2387148
2887841
3850447
1695567
3103923
3358020
3115071
1800026
1774903
1137641
2947884
3820088
4674630
2497842
1450015
5286668
5400327
1161521
3809904
3353985
2707555
1840024
4560761
2847297
5238501
1459849
5465381
3452123
5783862
1608188
