5032185
4630421
4720700
2669786
4793224
3723105
2146215
4109504
4352859
4214779
5557424
1236610
3892736
5292741
5452059
4371113
3019808
1694517
5261857
4621046
3847775
1071289
4096886
4040071
5932584
5079050
4287578
3931351
4826010
3362117
1290847
3107807
4782684
4344202
1158040
2312563
1950608
4764790
1621915
2949670
4068394
4745778
2732532
5212308
3516342
2244183
4301427
1453326
5073301
1540357
3797074
5006653
4342064
1019057
2679594
1354720
1276269
5133060
2131796
4091834
2482401
5614154
4117842
3631543
2507642
3475380
2542673
4834669
4118057
1034380
2488753
1963229
1689634
2128626
3597786
4549048
2452289
3914058
3490966
5990777
3361224
2194194
2675715
5459878
2867045
5987766
5676964
3215576
5525160
3356008
2777964
5600143
1478160
3293865
5883813
5351472
2416439
3321796
2702315
2766642
1318206
4755306
1882010
3016035
2081855
4604406
2548292
3694909
5425415
3945272
3529868
1213222
4934268
5380780
2704063
4864051
5198762
5439720
4990579
2995731
5642187
5532446
2443376
3813817
2621312
1042543
2361302
5730163
3621362
4859869
2744056
2797297
2372405
1892443
5533038
1545741
4053383
2246857
1471373
5345828
4898343
4596238
3312952
2015238
1607545
4810585
5137744
5027631
4206536
3677797
4984750
2941027
1674059
3717621
2019390
2162513
4586260
5686083
1234045
4301930
4845546
2512345
4286385
5899465
1280031
3396060
3181250
3728317
4913065
1515944
4814567
1931485
4667469
2585550
2614611
2659335
4291919
1729130
5502157
2798411
4761193
1885330
4255670
3634277
2559123
3398527
1604680
2630869
5793627
1218766
3971406
4998903
4436387
4889627
4192985
1364871
2401643
4327247
2422041
1921453
3972109
3315098
3645060
5622881
5153779
5886057
4660524
4280401
1849775
4719205
1848461
1274443
1640322
5773616
4267106
5356045
2646044
4632840
3100565
1951332
1544110
2831002
3596207
3491089
5151126
3644988
4701620
4340644
4113970
5380315
3490287
2737287
1292430
3618835
5314420
3603436
1141042
2066283
4790654
3435773
1209724
2324971
3457040
4595937
4266785
4236244
3705562
5739461
1276761
5146192
4273191
2688369
2517102
5318120
1006533
2593491
2524293
2419589
4487992
5137042
4184880
2378931
2503245
2172752
5273287
4866503
4909326
5176749
4452609
2271684
2865460
5825098
3557153
4814538
1076489
3027803
5090762
5497730
5092258
2895775
3412316
2947336
5130038
1619077
5201204
2956550
1816332
5822882
3058245
4959694
5342219
4192258
4079845
3990592
3209406
3037683
1053483
4465735
3558163
5354414
3168444
3077817
4057629
5957485
4540495
5326454
5728579
4135330
1192939
5576378
5372936
6005978
1790598
3929557
2844757
3594394
5686370
5992861
4103825
2567803
5651437
1083102
4483353
2051698
4348317
3151123
1068985
