2865204
3236736
4994499
1643668
1773198
1082975
5531824
3176977
2784047
4819017
1211337
5044425
5710775
3297706
3577348
3183682
2141654
4443975
2757119
5045670
1113019
4252124
1112367
4192315
2266958
3825902
4457606
1837012
5927101
3783013
2996871
1931420
1916143
2306187
5903769
1090091
3105967
3497781
2564786
3365425
4201061
1465007
2939429
3172732
1389576
3931654
1856223
5013921
2148454
3252387
5843952
3596878
2357595
5496646
3520805
5815681
4601014
5406888
2340654
4723596
2378929
5508973
1597578
5194513
2043163
2322246
2964102
2415756
1034181
3270922
3398314
1230335
2265526
3429592
5197995
4365264
3994843
1863007
1800675
1753125
4436432
1898813
2816187
1957806
4456406
4234141
4741012
1518383
1097941
5005805
1739565
1249953
1589345
1394022
4143486
3253048
3260252
5339087
4998542
5776090
5274346
1462141
4432332
3939505
2055624
1917322
2595549
4447271
2406979
1805647
4954726
3307192
5800264
3814684
1349115
4241822
5439400
1128093
4168589
5224785
5429621
1604118
2676493
2969895
4811281
2398514
5814982
4426561
2488919
1980661
4430962
2642222
4440142
1540256
2496806
4378054
5251737
3916828
3134244
2163781
4451591
1629405
5693900
3675066
5941807
4936843
2064890
2804888
3436871
1410743
5839207
1118821
3903243
2882207
4149586
4356770
3667006
3573714
2562030
4828388
3719749
5644231
4953243
3159396
3775264
4601322
2358489
3442582
1052697
2281172
3730663
3627236
3383311
2813281
1516132
4319320
1556383
4542237
4870684
3836748
2347170
1762236
5831915
1536232
