5836747
2709030
5783552
1272598
3830657
3127014
3436580
5069143
2185557
5712307
5928803
3333273
5306869
5346123
5816108
1566871
1197027
4610804
4418887
2222457
5853435
3842369
3776174
2711716
2441208
2209943
4840736
3394316
4589381
2805363
4852960
2300484
5830700
5277722
4650659
4397556
3721584
1677703
3479964
1231294
3130270
3042642
3903243
2764646
5784763
5463486
2594013
1421610
4518670
4561634
3597375
1938833
3171021
4140539
3135157
3205109
1911583
3767088
2992510
2325710
2000380
3690968
3075303
5590518
1947747
3416724
1421683
1654347
5361285
1564413
3891670
5133019
2008776
4061068
5439400
5885969
3790097
3919383
4379534
5135387
4202578
1776126
2166714
4860185
3282459
5587339
5039574
1587524
1772641
3524484
2728338
3133298
5527683
4244389
4930783
4770462
3512955
3931904
4692740
1812818
3667107
1353904
4732706
2511523
2512322
2610637
3235667
5312763
1125781
2800255
5941807
3420013
3978668
1857687
5042383
4122182
5518331
5673753
4531474
5522884
1699116
2368154
5691910
2536889
1470505
1044508
1794587
3429063
2835663
4601455
5070436
5393290
5956511
4168197
2684757
4305926
2990906
3402453
3715127
2081210
5059032
4879376
1924266
5874208
4328735
2792606
5263572
2527422
5772874
5374309
4647117
1786751
3534701
2032750
2526505
2851388
1410240
4903372
2068828
2211219
5323010
2711092
3565015
3549920
2239444
5641867
3972390
3655628
4091920
1114976
3076948
3936345
5218663
2786786
2111373
1575632
5753995
4458225
4111655
2456498
1002516
5824827
4657983
5040459
1022361
3954340
4277155
4022029
5898960
1762813
4814715
4472682
2545425
5442967
1545031
5737286
4144448
1228504
4644941
1080496
1193932
3340678
5638188
3477791
3643094
4025367
1402267
4336904
5014945
2285660
1177886
1046897
1160537
3921315
1354146
5384361
1062420
5263831
5250298
4367368
4578916
5211946
5513673
2875396
2003094
2564522
5260355
3362978
5950992
5232051
1471667
4116942
2511450
4388916
3761436
4079845
1799746
4310527
4455003
3192848
3356152
3609605
3701180
2444826
5406220
3157654
3393005
5911063
4423547
3962115
4010764
5612814
2311710
3489236
4295880
1315057
5056095
2826182
5617595
3631414
2929217
5042033
1274986
5499435
1669519
5116120
3588863
1848197
1251675
5414612
2301289
5330314
1050544
2811995
2023150
1315528
5641320
1029803
2771844
3611589
4710545
4243891
5191656
3822302
4209701
1692328
5209910
2997350
5363806
5291586
2528123
2589180
1083102
2431791
3797010
2996961
3539777
5678745
3605828
5155880
2221436
2340118
3323014
1701975
4659223
5287164
4914842
3336760
1830338
4220743
4759815
3028446
1854119
1512360
1891230
2080863
3406683
2367139
2710639
3707086
2203588
4761251
1679330
4498126
3956097
5484453
1486065
4699046
1914104
2593107
5206992
1536097
1281870
3401802
1153836
2547182
4081159
5086115
1560994
4161835
3118249
2026193
3109074
1559797
3039166
2039646
2439570
1314894
4301824
3236707
5815539
2309600
2974051
3442121
5655199
5993737
1879882
2046529
2371455
3235000
4814620
2797351
3308730
2707110
3965549
2813617
3302857
3748996
3968912
4824690
1945331
3718736
5644231
5160336
2930188
2215483
1747963
