5401063
4864233
5704901
4278652
1918813
5578651
2345474
4115849
4223348
3417399
5266635
2488753
1254647
1734997
3078627
2115954
3399771
5633831
4271864
1185822
3527047
2238343
4954566
2271375
4394585
5426767
1550701
2155967
4828541
5846293
2262456
5293340
2198392
2405045
4090357
1080710
2795322
5272886
2921430
1322170
3972088
2809810
3634618
2861368
2690848
1145641
3367899
2634976
2136601
5242774
5327001
1584293
4086295
5659634
5130186
3192058
5201002
4015998
1639774
4093130
4521062
5802482
5185630
1226539
3903187
5035734
2305718
1065722
1930601
1229397
3715844
3631470
5739857
5143411
5183010
5198510
3910627
5734893
5947173
3699832
5794291
5468733
5047153
1090091
2630577
5022883
5632953
4670003
5858305
5421282
5036953
3489672
2533633
1309736
5391235
4919757
4761300
2271346
3398477
5689871
5695577
1836761
5065199
1239033
4957094
3058985
5738738
3380454
4579879
1393389
3668357
3740664
4633725
1298255
3196971
3649649
4275429
1646899
5802564
2254169
4637106
1922974
2181303
4554008
2398846
1653491
1795262
2904418
4520673
3571621
1097824
4819573
1547252
5200436
1167738
5108408
4467952
5328723
2556837
5860428
5372936
4220794
3352782
4762278
1153318
1328724
3431275
5080417
5091556
4243235
3167451
3601773
1370152
2926522
1688552
2059309
4190934
3333407
1854649
2696679
2289442
4359123
2404799
2439242
3965147
2230138
3268798
4542279
5877382
3291708
2436935
2935743
4338386
5726115
3439678
4007041
1365041
1488599
3190310
5902859
4449381
4791539
5150490
2439799
1507496
3988604
2103198
4494288
3183829
1861512
1500856
3073869
2619193
4183558
3026328
5430199
1505785
4459146
4118167
2068188
5262081
4319904
5941123
1618362
1508381
5540172
5721438
3024786
1539522
5506056
2566766
1196577
5932742
4311943
1015283
4041866
1007882
2448281
4771811
4346005
5549257
2577002
5122704
2505820
1011907
5225578
4377444
5725108
2313881
1772909
5572265
2680009
2273020
1086721
5152433
2952562
5560524
2534860
3542740
5769364
4240550
2673584
4179765
4216300
1374170
5973934
5519720
1445693
2011513
5153358
2131503
3961868
5398190
3750346
2467391
5222176
1703987
4049407
2737931
1623931
3679028
1726812
6016098
5280362
1436631
2864552
5633556
2580743
4792639
5433277
1331354
3326418
4314417
4984513
1808432
4749599
2928442
2779112
1119112
4791502
4086051
3268621
1682733
5699712
3247280
3379871
2398351
1306679
1873240
4798659
1212490
3240881
5957962
1116018
4814348
3131871
2704238
5980071
2351232
3921881
3905329
4814764
4973973
5759248
5952307
5731399
2562030
2644102
4735172
3686481
