1192248
2191206
4945258
3050499
1620769
1498841
4618646
4607664
1112154
1190446
5908785
1649204
2352895
4322811
6016796
4847644
1025285
2278878
4414368
1677752
2906069
2492335
4030968
4333958
1869565
1514300
4974460
2557660
2717679
5678394
3429742
1048188
3232516
3644486
5756223
2154400
2476296
3168926
4131006
2718927
3811347
5077049
4784227
1307115
3672374
2880942
5505701
5607566
3683302
4165448
3286940
4545631
4995843
5485179
1247943
1436536
4654046
1570944
1267468
5371035
4769296
4091763
5916156
2189029
2873969
2478012
5432904
1046405
1210225
5812940
3151902
1423889
1291094
3146507
2087914
1867173
2553140
1550638
5779393
3953474
4645168
1858103
3793559
4771166
4304546
3787091
3162400
2956550
5835434
5811100
1219359
4836406
3566932
2148454
2755518
1498012
3035670
4409536
6007099
3341530
1738662
4511034
2998679
1218257
1267377
3623700
1727601
2879455
5151928
2459369
3477559
3509000
5721073
3336055
3307105
5128417
4046297
2344268
1108892
1280621
4340644
3463993
2772375
1053702
3859817
5015082
3591250
5052160
1301447
3347164
5135344
4263912
1839567
5419835
4953704
3553042
2826520
1877599
5497220
4445213
1859081
1409403
4176992
4116820
3438407
4796456
5534250
4522133
2757563
2136912
5275779
1179698
3669935
3789226
1604745
1021565
1238130
1431876
4290961
5436778
4242993
4082739
2786346
2679276
4945473
1546668
2369890
5201955
3823730
1587643
4313165
3617900
1342853
2759180
1007094
4205668
1743569
5593308
4245528
1164694
5242783
6024260
1380231
5242811
3891342
1345419
1291006
4612632
3149347
1476946
4025435
3785438
4894418
1639710
1069279
3210947
2575256
1404603
4307362
1374881
1188711
2333997
5090900
1275013
4998729
4074084
3801780
1399587
2674782
1643935
4190561
4422705
2455852
2262109
2622237
4438554
5072485
1116172
2749578
1811920
4898379
5579626
5667090
2302390
5544297
1510147
3911910
2846335
1195404
1696733
4055789
5724540
2889445
3233563
3517953
2142397
4404800
5106610
2062159
1079613
4520558
3809306
5823769
3483832
5011966
4718137
2715577
1441475
1915072
4243430
3957475
2694344
3997385
5072531
4828943
1546458
2913892
2513123
2382069
3311681
2659107
4255403
5450921
1961454
2680017
5565691
4350941
4191310
4600460
2231578
5991821
2030281
5418705
3305434
4596734
4245070
4147636
4802510
1178013
2060313
4661204
5586401
5959648
5100085
3710616
3867717
4332800
4336852
1867799
4997825
1218766
1047997
3260550
2074806
2316659
5357146
1632794
1561224
4658846
4703175
1095146
4198272
1996292
3737236
5454545
1239932
3703183
2979173
5680503
4658930
5040809
2952213
5030785
5175715
4355065
4576449
2956048
1764316
3033457
4715141
2102706
2411794
4623807
2023761
4320372
4580552
5517590
5624188
3629123
2235017
3711319
3882017
1845107
5724228
2970137
5925734
2991080
3505886
2026922
1547048
1093137
1975935
4066198
5171752
3912035
1131040
5007427
2662498
3539554
2865749
2940589
3071351
4624432
5381844
2228726
2925694
5118157
4993800
2668838
4317610
3901152
2776802
5965708
1617006
2382116
2870262
1759033
2084705
2298905
3253246
4069879
4969602
3046254
1637645
5078371
1744652
4064776
2681728
2960721
2302282
3704026
1741472
5862003
4969975
2016861
3766371
1604464
1935569
4097451
3002701
3876701
3213069
3005848
4074853
2189802
4586256
1898672
2885807
3481081
1946930
2754353
5832142
2621118
2816802
4887545
1854554
1053483
3561337
3510968
4518657
1450786
4651597
5870905
1909307
2362805
4665368
2727188
1290884
4050670
4354922
4125596
4180295
5958708
4399031
3476493
5747034
5130327
5076260
4876916
1242903
2888809
2116859
1266461
4931349
4939874
1190452
4807414
1716388
2711285
4891068
1466024
2255389
4329682
3918013
2160889
5224593
5453817
3954709
2340654
3398370
3366649
3652838
4305545
5184536
3353431
3613124
1413041
4258879
1018883
1451358
1303940
2010909
2593664
3766709
4534648
2993093
3723562
5786971
3622319
4762691
5501665
1963332
1901135
1163046
3473921
1020137
4555233
5233914
1591519
2079108
4064353
2447403
1300832
5716142
5595288
4696705
6017505
3066203
2144679
4111036
4757829
4882690
3898462
4974507
3915089
5307148
3683725
5401080
4307058
2949563
2269825
2013739
5013986
2277963
3069296
2990431
5850301
1897383
1162073
5751333
5396934
1797543
5238743
4293310
2990985
2805944
2466437
3897833
2600107
4539938
3903326
1137345
4484332
1827041
2146706
4317573
4620746
3685650
4437087
1091690
2790781
2797625
3965213
2731242
4588339
5880701
2854249
4326529
2825860
3306513
5117501
3283651
2437365
2829969
1720625
4788575
3578055
4965854
3293865
5169583
3870271
5611996
1025446
3645060
1377798
2650285
1769612
4531113
4737887
3784718
2901816
5591392
3330227
1535933
2504363
4736702
5249202
5741140
2137843
1069446
3343159
5089215
1094487
1702036
3942690
4139522
4851254
3856193
2596112
3259902
4317529
2229491
2476062
4379043
3130356
1615198
4109186
5127502
2690333
1792708
1033754
4351010
1116649
2760901
4622103
2455758
2208759
5122251
1301090
3321410
3045860
5678890
1797719
4819188
5712630
1938292
2630530
1011999
3144342
3067620
4755200
2056514
3979515
5918436
4750901
3022332
4485109
4941839
3478501
2923009
5317094
3402959
3365425
3292102
2247699
3848903
4284377
3445996
1881750
1120288
1621291
1092727
4899456
5097068
5170379
2700837
5242557
5151643
2688765
2007227
2871686
1493979
4307293
1981772
4629337
2858618
4174232
1177126
4670339
3459344
2653345
1297411
1311116
1308125
5920866
5171767
3150203
3291487
4940602
3164766
3124329
4644312
5654847
1990626
1133671
3516005
3655582
2863619
4404582
3527608
1623703
5013726
4154422
1776606
2465388
5901441
2795400
3321422
1708824
1076018
2037516
1180786
1612492
5362147
5794690
2137401
2507553
3680520
1777550
1995936
3730965
5519785
4718697
1005874
6018684
2235494
5388461
3697276
4407424
3754844
4465735
4697617
1255917
4415752
3765058
1727943
5845549
