3748858
2202753
4932640
5997375
1618746
3421514
3006800
3183358
2916881
1138075
5127992
3287160
2850876
2608845
1728980
3827199
3234962
3483482
5051663
3535846
4487703
3685125
5867051
5335633
1923186
1994882
1948752
1004755
3383926
1206268
1573627
1536055
2687761
2623121
4515383
4604485
3323665
4783930
3408104
3256599
4844381
2112524
2042131
2347920
3222609
2960002
5019462
1378129
1755157
3775519
3311256
3716772
6019680
2543056
3042272
3622989
2457847
1774513
2916038
5335018
4378713
4034202
4866325
3430075
2496673
1140323
4671547
3726704
3672033
2475666
2589934
2596703
4526001
1900639
2472119
5749642
3040980
4098015
3316558
1114345
5155891
2676338
2362604
3165342
5993442
3856730
5614163
5393699
2242682
2983776
4840889
1134408
1810482
5855523
2416648
4626524
4759243
2430010
1900476
1967334
3284245
5639221
2420076
3754683
2769657
5461601
1553577
2674268
1335992
3696251
1406540
2674864
5288428
4408278
4653651
5391863
1782029
2434865
1192760
2704584
2139051
3754700
2806367
4574968
3689726
3463643
1659144
3163646
5092709
2519028
1640146
4240645
3543333
1593958
5536544
5720158
3129119
3712738
4357222
5497446
3750770
3135011
