3346895
2649284
5770285
1964628
2215325
1608547
3247116
5783788
1510150
5482964
3043041
4633920
2344765
3668564
2987106
4681540
1822150
4842898
4229510
3659481
5155143
5915432
4709639
4684802
5702853
3679710
5234525
3152546
2850539
5458670
4914834
2020315
4114580
2465906
4118138
4100700
3385353
4658019
1367791
4257304
3500297
2678892
3620131
5220878
3595752
3981669
1809267
3309813
5251033
2083414
4622768
3554911
1985033
2657435
4989632
1440233
2479304
4091635
5837105
3114552
4560184
3387993
1418707
4757481
1108572
5296146
3122032
4807123
4307809
3324131
5841204
1446949
2647773
2109439
3944129
1990362
1481090
5202856
5749477
1236683
3377442
5158025
4928694
1995381
4344948
5537465
5165860
2983302
2633278
5539437
4245057
5803715
