1736898
5935923
5571986
2979072
2118548
4225726
3886992
3589575
4425960
1698227
1859414
5655043
3693508
5991126
4113844
1213842
4357994
5482899
5301606
4536149
4388234
2102932
1993421
4061319
1544295
4757190
5943825
4826386
2603978
5585814
4916198
5485244
4456139
4749618
4827556
2536496
2891231
3985059
4990585
4355764
2261238
3570671
2021238
5890791
3743419
2951378
1567123
4086183
1941698
4077299
5361438
1566369
2463647
3748735
4322242
4708139
5235126
1569404
5579655
4169321
4384644
4917326
1957282
3197403
1250164
1440792
5015218
4330510
1064953
5080696
2096434
1895609
4840904
3679654
5429073
4019532
2937941
1599808
4892260
3707544
3891509
2868335
5386716
1828366
3226048
